# SIMULACION DE COLISIONES MULTIPLES
# Practica 5 - Informatica II
#
# Box: 800 x 600
# Tiempo: 5.81 s
# Particulas activas: 2/2
# Total colisiones: 4
#
# OBSTACULOS
obstaculo,0,300,250,200,100
#
# TRAYECTORIAS DE PARTICULAS
# Formato: trayectoria,tiempo,id,x,y,vx,vy,masa,activa
trayectoria,0,0,100,300,150,0,1,1
trayectoria,0,1,700,300,-150,0,1,1
trayectoria,0,0,100,300,150,0,1,1
trayectoria,0,1,700,300,-150,0,1,1
trayectoria,0.01,0,101.5,300,150,0,1,1
trayectoria,0.01,1,698.5,300,-150,0,1,1
trayectoria,0.02,0,103,300,150,0,1,1
trayectoria,0.02,1,697,300,-150,0,1,1
trayectoria,0.03,0,104.5,300,150,0,1,1
trayectoria,0.03,1,695.5,300,-150,0,1,1
trayectoria,0.04,0,106,300,150,0,1,1
trayectoria,0.04,1,694,300,-150,0,1,1
trayectoria,0.05,0,107.5,300,150,0,1,1
trayectoria,0.05,1,692.5,300,-150,0,1,1
trayectoria,0.06,0,109,300,150,0,1,1
trayectoria,0.06,1,691,300,-150,0,1,1
trayectoria,0.07,0,110.5,300,150,0,1,1
trayectoria,0.07,1,689.5,300,-150,0,1,1
trayectoria,0.08,0,112,300,150,0,1,1
trayectoria,0.08,1,688,300,-150,0,1,1
trayectoria,0.09,0,113.5,300,150,0,1,1
trayectoria,0.09,1,686.5,300,-150,0,1,1
trayectoria,0.1,0,115,300,150,0,1,1
trayectoria,0.1,1,685,300,-150,0,1,1
trayectoria,0.11,0,116.5,300,150,0,1,1
trayectoria,0.11,1,683.5,300,-150,0,1,1
trayectoria,0.12,0,118,300,150,0,1,1
trayectoria,0.12,1,682,300,-150,0,1,1
trayectoria,0.13,0,119.5,300,150,0,1,1
trayectoria,0.13,1,680.5,300,-150,0,1,1
trayectoria,0.14,0,121,300,150,0,1,1
trayectoria,0.14,1,679,300,-150,0,1,1
trayectoria,0.15,0,122.5,300,150,0,1,1
trayectoria,0.15,1,677.5,300,-150,0,1,1
trayectoria,0.16,0,124,300,150,0,1,1
trayectoria,0.16,1,676,300,-150,0,1,1
trayectoria,0.17,0,125.5,300,150,0,1,1
trayectoria,0.17,1,674.5,300,-150,0,1,1
trayectoria,0.18,0,127,300,150,0,1,1
trayectoria,0.18,1,673,300,-150,0,1,1
trayectoria,0.19,0,128.5,300,150,0,1,1
trayectoria,0.19,1,671.5,300,-150,0,1,1
trayectoria,0.2,0,130,300,150,0,1,1
trayectoria,0.2,1,670,300,-150,0,1,1
trayectoria,0.21,0,131.5,300,150,0,1,1
trayectoria,0.21,1,668.5,300,-150,0,1,1
trayectoria,0.22,0,133,300,150,0,1,1
trayectoria,0.22,1,667,300,-150,0,1,1
trayectoria,0.23,0,134.5,300,150,0,1,1
trayectoria,0.23,1,665.5,300,-150,0,1,1
trayectoria,0.24,0,136,300,150,0,1,1
trayectoria,0.24,1,664,300,-150,0,1,1
trayectoria,0.25,0,137.5,300,150,0,1,1
trayectoria,0.25,1,662.5,300,-150,0,1,1
trayectoria,0.26,0,139,300,150,0,1,1
trayectoria,0.26,1,661,300,-150,0,1,1
trayectoria,0.27,0,140.5,300,150,0,1,1
trayectoria,0.27,1,659.5,300,-150,0,1,1
trayectoria,0.28,0,142,300,150,0,1,1
trayectoria,0.28,1,658,300,-150,0,1,1
trayectoria,0.29,0,143.5,300,150,0,1,1
trayectoria,0.29,1,656.5,300,-150,0,1,1
trayectoria,0.3,0,145,300,150,0,1,1
trayectoria,0.3,1,655,300,-150,0,1,1
trayectoria,0.31,0,146.5,300,150,0,1,1
trayectoria,0.31,1,653.5,300,-150,0,1,1
trayectoria,0.32,0,148,300,150,0,1,1
trayectoria,0.32,1,652,300,-150,0,1,1
trayectoria,0.33,0,149.5,300,150,0,1,1
trayectoria,0.33,1,650.5,300,-150,0,1,1
trayectoria,0.34,0,151,300,150,0,1,1
trayectoria,0.34,1,649,300,-150,0,1,1
trayectoria,0.35,0,152.5,300,150,0,1,1
trayectoria,0.35,1,647.5,300,-150,0,1,1
trayectoria,0.36,0,154,300,150,0,1,1
trayectoria,0.36,1,646,300,-150,0,1,1
trayectoria,0.37,0,155.5,300,150,0,1,1
trayectoria,0.37,1,644.5,300,-150,0,1,1
trayectoria,0.38,0,157,300,150,0,1,1
trayectoria,0.38,1,643,300,-150,0,1,1
trayectoria,0.39,0,158.5,300,150,0,1,1
trayectoria,0.39,1,641.5,300,-150,0,1,1
trayectoria,0.4,0,160,300,150,0,1,1
trayectoria,0.4,1,640,300,-150,0,1,1
trayectoria,0.41,0,161.5,300,150,0,1,1
trayectoria,0.41,1,638.5,300,-150,0,1,1
trayectoria,0.42,0,163,300,150,0,1,1
trayectoria,0.42,1,637,300,-150,0,1,1
trayectoria,0.43,0,164.5,300,150,0,1,1
trayectoria,0.43,1,635.5,300,-150,0,1,1
trayectoria,0.44,0,166,300,150,0,1,1
trayectoria,0.44,1,634,300,-150,0,1,1
trayectoria,0.45,0,167.5,300,150,0,1,1
trayectoria,0.45,1,632.5,300,-150,0,1,1
trayectoria,0.46,0,169,300,150,0,1,1
trayectoria,0.46,1,631,300,-150,0,1,1
trayectoria,0.47,0,170.5,300,150,0,1,1
trayectoria,0.47,1,629.5,300,-150,0,1,1
trayectoria,0.48,0,172,300,150,0,1,1
trayectoria,0.48,1,628,300,-150,0,1,1
trayectoria,0.49,0,173.5,300,150,0,1,1
trayectoria,0.49,1,626.5,300,-150,0,1,1
trayectoria,0.5,0,175,300,150,0,1,1
trayectoria,0.5,1,625,300,-150,0,1,1
trayectoria,0.51,0,176.5,300,150,0,1,1
trayectoria,0.51,1,623.5,300,-150,0,1,1
trayectoria,0.52,0,178,300,150,0,1,1
trayectoria,0.52,1,622,300,-150,0,1,1
trayectoria,0.53,0,179.5,300,150,0,1,1
trayectoria,0.53,1,620.5,300,-150,0,1,1
trayectoria,0.54,0,181,300,150,0,1,1
trayectoria,0.54,1,619,300,-150,0,1,1
trayectoria,0.55,0,182.5,300,150,0,1,1
trayectoria,0.55,1,617.5,300,-150,0,1,1
trayectoria,0.56,0,184,300,150,0,1,1
trayectoria,0.56,1,616,300,-150,0,1,1
trayectoria,0.57,0,185.5,300,150,0,1,1
trayectoria,0.57,1,614.5,300,-150,0,1,1
trayectoria,0.58,0,187,300,150,0,1,1
trayectoria,0.58,1,613,300,-150,0,1,1
trayectoria,0.59,0,188.5,300,150,0,1,1
trayectoria,0.59,1,611.5,300,-150,0,1,1
trayectoria,0.6,0,190,300,150,0,1,1
trayectoria,0.6,1,610,300,-150,0,1,1
trayectoria,0.61,0,191.5,300,150,0,1,1
trayectoria,0.61,1,608.5,300,-150,0,1,1
trayectoria,0.62,0,193,300,150,0,1,1
trayectoria,0.62,1,607,300,-150,0,1,1
trayectoria,0.63,0,194.5,300,150,0,1,1
trayectoria,0.63,1,605.5,300,-150,0,1,1
trayectoria,0.64,0,196,300,150,0,1,1
trayectoria,0.64,1,604,300,-150,0,1,1
trayectoria,0.65,0,197.5,300,150,0,1,1
trayectoria,0.65,1,602.5,300,-150,0,1,1
trayectoria,0.66,0,199,300,150,0,1,1
trayectoria,0.66,1,601,300,-150,0,1,1
trayectoria,0.67,0,200.5,300,150,0,1,1
trayectoria,0.67,1,599.5,300,-150,0,1,1
trayectoria,0.68,0,202,300,150,0,1,1
trayectoria,0.68,1,598,300,-150,0,1,1
trayectoria,0.69,0,203.5,300,150,0,1,1
trayectoria,0.69,1,596.5,300,-150,0,1,1
trayectoria,0.7,0,205,300,150,0,1,1
trayectoria,0.7,1,595,300,-150,0,1,1
trayectoria,0.71,0,206.5,300,150,0,1,1
trayectoria,0.71,1,593.5,300,-150,0,1,1
trayectoria,0.72,0,208,300,150,0,1,1
trayectoria,0.72,1,592,300,-150,0,1,1
trayectoria,0.73,0,209.5,300,150,0,1,1
trayectoria,0.73,1,590.5,300,-150,0,1,1
trayectoria,0.74,0,211,300,150,0,1,1
trayectoria,0.74,1,589,300,-150,0,1,1
trayectoria,0.75,0,212.5,300,150,0,1,1
trayectoria,0.75,1,587.5,300,-150,0,1,1
trayectoria,0.76,0,214,300,150,0,1,1
trayectoria,0.76,1,586,300,-150,0,1,1
trayectoria,0.77,0,215.5,300,150,0,1,1
trayectoria,0.77,1,584.5,300,-150,0,1,1
trayectoria,0.78,0,217,300,150,0,1,1
trayectoria,0.78,1,583,300,-150,0,1,1
trayectoria,0.79,0,218.5,300,150,0,1,1
trayectoria,0.79,1,581.5,300,-150,0,1,1
trayectoria,0.8,0,220,300,150,0,1,1
trayectoria,0.8,1,580,300,-150,0,1,1
trayectoria,0.81,0,221.5,300,150,0,1,1
trayectoria,0.81,1,578.5,300,-150,0,1,1
trayectoria,0.82,0,223,300,150,0,1,1
trayectoria,0.82,1,577,300,-150,0,1,1
trayectoria,0.83,0,224.5,300,150,0,1,1
trayectoria,0.83,1,575.5,300,-150,0,1,1
trayectoria,0.84,0,226,300,150,0,1,1
trayectoria,0.84,1,574,300,-150,0,1,1
trayectoria,0.85,0,227.5,300,150,0,1,1
trayectoria,0.85,1,572.5,300,-150,0,1,1
trayectoria,0.86,0,229,300,150,0,1,1
trayectoria,0.86,1,571,300,-150,0,1,1
trayectoria,0.87,0,230.5,300,150,0,1,1
trayectoria,0.87,1,569.5,300,-150,0,1,1
trayectoria,0.88,0,232,300,150,0,1,1
trayectoria,0.88,1,568,300,-150,0,1,1
trayectoria,0.89,0,233.5,300,150,0,1,1
trayectoria,0.89,1,566.5,300,-150,0,1,1
trayectoria,0.9,0,235,300,150,0,1,1
trayectoria,0.9,1,565,300,-150,0,1,1
trayectoria,0.91,0,236.5,300,150,0,1,1
trayectoria,0.91,1,563.5,300,-150,0,1,1
trayectoria,0.92,0,238,300,150,0,1,1
trayectoria,0.92,1,562,300,-150,0,1,1
trayectoria,0.93,0,239.5,300,150,0,1,1
trayectoria,0.93,1,560.5,300,-150,0,1,1
trayectoria,0.94,0,241,300,150,0,1,1
trayectoria,0.94,1,559,300,-150,0,1,1
trayectoria,0.95,0,242.5,300,150,0,1,1
trayectoria,0.95,1,557.5,300,-150,0,1,1
trayectoria,0.96,0,244,300,150,0,1,1
trayectoria,0.96,1,556,300,-150,0,1,1
trayectoria,0.97,0,245.5,300,150,0,1,1
trayectoria,0.97,1,554.5,300,-150,0,1,1
trayectoria,0.98,0,247,300,150,0,1,1
trayectoria,0.98,1,553,300,-150,0,1,1
trayectoria,0.99,0,248.5,300,150,0,1,1
trayectoria,0.99,1,551.5,300,-150,0,1,1
trayectoria,1,0,250,300,150,0,1,1
trayectoria,1,1,550,300,-150,0,1,1
trayectoria,1.01,0,251.5,300,150,0,1,1
trayectoria,1.01,1,548.5,300,-150,0,1,1
trayectoria,1.02,0,253,300,150,0,1,1
trayectoria,1.02,1,547,300,-150,0,1,1
trayectoria,1.03,0,254.5,300,150,0,1,1
trayectoria,1.03,1,545.5,300,-150,0,1,1
trayectoria,1.04,0,256,300,150,0,1,1
trayectoria,1.04,1,544,300,-150,0,1,1
trayectoria,1.05,0,257.5,300,150,0,1,1
trayectoria,1.05,1,542.5,300,-150,0,1,1
trayectoria,1.06,0,259,300,150,0,1,1
trayectoria,1.06,1,541,300,-150,0,1,1
trayectoria,1.07,0,260.5,300,150,0,1,1
trayectoria,1.07,1,539.5,300,-150,0,1,1
trayectoria,1.08,0,262,300,150,0,1,1
trayectoria,1.08,1,538,300,-150,0,1,1
trayectoria,1.09,0,263.5,300,150,0,1,1
trayectoria,1.09,1,536.5,300,-150,0,1,1
trayectoria,1.1,0,265,300,150,0,1,1
trayectoria,1.1,1,535,300,-150,0,1,1
trayectoria,1.11,0,266.5,300,150,0,1,1
trayectoria,1.11,1,533.5,300,-150,0,1,1
trayectoria,1.12,0,268,300,150,0,1,1
trayectoria,1.12,1,532,300,-150,0,1,1
trayectoria,1.13,0,269.5,300,150,0,1,1
trayectoria,1.13,1,530.5,300,-150,0,1,1
trayectoria,1.14,0,271,300,150,0,1,1
trayectoria,1.14,1,529,300,-150,0,1,1
trayectoria,1.15,0,272.5,300,150,0,1,1
trayectoria,1.15,1,527.5,300,-150,0,1,1
trayectoria,1.16,0,274,300,150,0,1,1
trayectoria,1.16,1,526,300,-150,0,1,1
trayectoria,1.17,0,275.5,300,150,0,1,1
trayectoria,1.17,1,524.5,300,-150,0,1,1
trayectoria,1.18,0,277,300,150,0,1,1
trayectoria,1.18,1,523,300,-150,0,1,1
trayectoria,1.19,0,278.5,300,150,0,1,1
trayectoria,1.19,1,521.5,300,-150,0,1,1
trayectoria,1.2,0,280,300,150,0,1,1
trayectoria,1.2,1,520,300,-150,0,1,1
trayectoria,1.21,0,281.5,300,150,0,1,1
trayectoria,1.21,1,518.5,300,-150,0,1,1
trayectoria,1.22,0,283,300,150,0,1,1
trayectoria,1.22,1,517,300,-150,0,1,1
trayectoria,1.23,0,284.5,300,150,0,1,1
trayectoria,1.23,1,515.5,300,-150,0,1,1
trayectoria,1.24,0,286,300,150,0,1,1
trayectoria,1.24,1,514,300,-150,0,1,1
trayectoria,1.25,0,287.5,300,150,0,1,1
trayectoria,1.25,1,512.5,300,-150,0,1,1
trayectoria,1.26,0,289,300,150,0,1,1
trayectoria,1.26,1,511,300,-150,0,1,1
trayectoria,1.27,0,290.5,300,150,0,1,1
trayectoria,1.27,1,509.5,300,-150,0,1,1
trayectoria,1.28,0,292,300,150,0,1,1
trayectoria,1.28,1,508,300,-150,0,1,1
trayectoria,1.29,0,293.5,300,150,0,1,1
trayectoria,1.29,1,506.5,300,-150,0,1,1
trayectoria,1.3,0,295,300,150,0,1,1
trayectoria,1.3,1,505,300,-150,0,1,1
trayectoria,1.31,0,294,300,-105,0,1,1
trayectoria,1.31,1,506,300,105,0,1,1
trayectoria,1.32,0,292.95,300,-105,0,1,1
trayectoria,1.32,1,507.05,300,105,0,1,1
trayectoria,1.33,0,291.9,300,-105,0,1,1
trayectoria,1.33,1,508.1,300,105,0,1,1
trayectoria,1.34,0,290.85,300,-105,0,1,1
trayectoria,1.34,1,509.15,300,105,0,1,1
trayectoria,1.35,0,289.8,300,-105,0,1,1
trayectoria,1.35,1,510.2,300,105,0,1,1
trayectoria,1.36,0,288.75,300,-105,0,1,1
trayectoria,1.36,1,511.25,300,105,0,1,1
trayectoria,1.37,0,287.7,300,-105,0,1,1
trayectoria,1.37,1,512.3,300,105,0,1,1
trayectoria,1.38,0,286.65,300,-105,0,1,1
trayectoria,1.38,1,513.35,300,105,0,1,1
trayectoria,1.39,0,285.6,300,-105,0,1,1
trayectoria,1.39,1,514.4,300,105,0,1,1
trayectoria,1.4,0,284.55,300,-105,0,1,1
trayectoria,1.4,1,515.45,300,105,0,1,1
trayectoria,1.41,0,283.5,300,-105,0,1,1
trayectoria,1.41,1,516.5,300,105,0,1,1
trayectoria,1.42,0,282.45,300,-105,0,1,1
trayectoria,1.42,1,517.55,300,105,0,1,1
trayectoria,1.43,0,281.4,300,-105,0,1,1
trayectoria,1.43,1,518.6,300,105,0,1,1
trayectoria,1.44,0,280.35,300,-105,0,1,1
trayectoria,1.44,1,519.65,300,105,0,1,1
trayectoria,1.45,0,279.3,300,-105,0,1,1
trayectoria,1.45,1,520.7,300,105,0,1,1
trayectoria,1.46,0,278.25,300,-105,0,1,1
trayectoria,1.46,1,521.75,300,105,0,1,1
trayectoria,1.47,0,277.2,300,-105,0,1,1
trayectoria,1.47,1,522.8,300,105,0,1,1
trayectoria,1.48,0,276.15,300,-105,0,1,1
trayectoria,1.48,1,523.85,300,105,0,1,1
trayectoria,1.49,0,275.1,300,-105,0,1,1
trayectoria,1.49,1,524.9,300,105,0,1,1
trayectoria,1.5,0,274.05,300,-105,0,1,1
trayectoria,1.5,1,525.95,300,105,0,1,1
trayectoria,1.51,0,273,300,-105,0,1,1
trayectoria,1.51,1,527,300,105,0,1,1
trayectoria,1.52,0,271.95,300,-105,0,1,1
trayectoria,1.52,1,528.05,300,105,0,1,1
trayectoria,1.53,0,270.9,300,-105,0,1,1
trayectoria,1.53,1,529.1,300,105,0,1,1
trayectoria,1.54,0,269.85,300,-105,0,1,1
trayectoria,1.54,1,530.15,300,105,0,1,1
trayectoria,1.55,0,268.8,300,-105,0,1,1
trayectoria,1.55,1,531.2,300,105,0,1,1
trayectoria,1.56,0,267.75,300,-105,0,1,1
trayectoria,1.56,1,532.25,300,105,0,1,1
trayectoria,1.57,0,266.7,300,-105,0,1,1
trayectoria,1.57,1,533.3,300,105,0,1,1
trayectoria,1.58,0,265.65,300,-105,0,1,1
trayectoria,1.58,1,534.35,300,105,0,1,1
trayectoria,1.59,0,264.6,300,-105,0,1,1
trayectoria,1.59,1,535.4,300,105,0,1,1
trayectoria,1.6,0,263.55,300,-105,0,1,1
trayectoria,1.6,1,536.45,300,105,0,1,1
trayectoria,1.61,0,262.5,300,-105,0,1,1
trayectoria,1.61,1,537.5,300,105,0,1,1
trayectoria,1.62,0,261.45,300,-105,0,1,1
trayectoria,1.62,1,538.55,300,105,0,1,1
trayectoria,1.63,0,260.4,300,-105,0,1,1
trayectoria,1.63,1,539.6,300,105,0,1,1
trayectoria,1.64,0,259.35,300,-105,0,1,1
trayectoria,1.64,1,540.65,300,105,0,1,1
trayectoria,1.65,0,258.3,300,-105,0,1,1
trayectoria,1.65,1,541.7,300,105,0,1,1
trayectoria,1.66,0,257.25,300,-105,0,1,1
trayectoria,1.66,1,542.75,300,105,0,1,1
trayectoria,1.67,0,256.2,300,-105,0,1,1
trayectoria,1.67,1,543.8,300,105,0,1,1
trayectoria,1.68,0,255.15,300,-105,0,1,1
trayectoria,1.68,1,544.85,300,105,0,1,1
trayectoria,1.69,0,254.1,300,-105,0,1,1
trayectoria,1.69,1,545.9,300,105,0,1,1
trayectoria,1.7,0,253.05,300,-105,0,1,1
trayectoria,1.7,1,546.95,300,105,0,1,1
trayectoria,1.71,0,252,300,-105,0,1,1
trayectoria,1.71,1,548,300,105,0,1,1
trayectoria,1.72,0,250.95,300,-105,0,1,1
trayectoria,1.72,1,549.05,300,105,0,1,1
trayectoria,1.73,0,249.9,300,-105,0,1,1
trayectoria,1.73,1,550.1,300,105,0,1,1
trayectoria,1.74,0,248.85,300,-105,0,1,1
trayectoria,1.74,1,551.15,300,105,0,1,1
trayectoria,1.75,0,247.8,300,-105,0,1,1
trayectoria,1.75,1,552.2,300,105,0,1,1
trayectoria,1.76,0,246.75,300,-105,0,1,1
trayectoria,1.76,1,553.25,300,105,0,1,1
trayectoria,1.77,0,245.7,300,-105,0,1,1
trayectoria,1.77,1,554.3,300,105,0,1,1
trayectoria,1.78,0,244.65,300,-105,0,1,1
trayectoria,1.78,1,555.35,300,105,0,1,1
trayectoria,1.79,0,243.6,300,-105,0,1,1
trayectoria,1.79,1,556.4,300,105,0,1,1
trayectoria,1.8,0,242.55,300,-105,0,1,1
trayectoria,1.8,1,557.45,300,105,0,1,1
trayectoria,1.81,0,241.5,300,-105,0,1,1
trayectoria,1.81,1,558.5,300,105,0,1,1
trayectoria,1.82,0,240.45,300,-105,0,1,1
trayectoria,1.82,1,559.55,300,105,0,1,1
trayectoria,1.83,0,239.4,300,-105,0,1,1
trayectoria,1.83,1,560.6,300,105,0,1,1
trayectoria,1.84,0,238.35,300,-105,0,1,1
trayectoria,1.84,1,561.65,300,105,0,1,1
trayectoria,1.85,0,237.3,300,-105,0,1,1
trayectoria,1.85,1,562.7,300,105,0,1,1
trayectoria,1.86,0,236.25,300,-105,0,1,1
trayectoria,1.86,1,563.75,300,105,0,1,1
trayectoria,1.87,0,235.2,300,-105,0,1,1
trayectoria,1.87,1,564.8,300,105,0,1,1
trayectoria,1.88,0,234.15,300,-105,0,1,1
trayectoria,1.88,1,565.85,300,105,0,1,1
trayectoria,1.89,0,233.1,300,-105,0,1,1
trayectoria,1.89,1,566.9,300,105,0,1,1
trayectoria,1.9,0,232.05,300,-105,0,1,1
trayectoria,1.9,1,567.95,300,105,0,1,1
trayectoria,1.91,0,231,300,-105,0,1,1
trayectoria,1.91,1,569,300,105,0,1,1
trayectoria,1.92,0,229.95,300,-105,0,1,1
trayectoria,1.92,1,570.05,300,105,0,1,1
trayectoria,1.93,0,228.9,300,-105,0,1,1
trayectoria,1.93,1,571.1,300,105,0,1,1
trayectoria,1.94,0,227.85,300,-105,0,1,1
trayectoria,1.94,1,572.15,300,105,0,1,1
trayectoria,1.95,0,226.8,300,-105,0,1,1
trayectoria,1.95,1,573.2,300,105,0,1,1
trayectoria,1.96,0,225.75,300,-105,0,1,1
trayectoria,1.96,1,574.25,300,105,0,1,1
trayectoria,1.97,0,224.7,300,-105,0,1,1
trayectoria,1.97,1,575.3,300,105,0,1,1
trayectoria,1.98,0,223.65,300,-105,0,1,1
trayectoria,1.98,1,576.35,300,105,0,1,1
trayectoria,1.99,0,222.6,300,-105,0,1,1
trayectoria,1.99,1,577.4,300,105,0,1,1
trayectoria,2,0,221.55,300,-105,0,1,1
trayectoria,2,1,578.45,300,105,0,1,1
trayectoria,2.01,0,220.5,300,-105,0,1,1
trayectoria,2.01,1,579.5,300,105,0,1,1
trayectoria,2.02,0,219.45,300,-105,0,1,1
trayectoria,2.02,1,580.55,300,105,0,1,1
trayectoria,2.03,0,218.4,300,-105,0,1,1
trayectoria,2.03,1,581.6,300,105,0,1,1
trayectoria,2.04,0,217.35,300,-105,0,1,1
trayectoria,2.04,1,582.65,300,105,0,1,1
trayectoria,2.05,0,216.3,300,-105,0,1,1
trayectoria,2.05,1,583.7,300,105,0,1,1
trayectoria,2.06,0,215.25,300,-105,0,1,1
trayectoria,2.06,1,584.75,300,105,0,1,1
trayectoria,2.07,0,214.2,300,-105,0,1,1
trayectoria,2.07,1,585.8,300,105,0,1,1
trayectoria,2.08,0,213.15,300,-105,0,1,1
trayectoria,2.08,1,586.85,300,105,0,1,1
trayectoria,2.09,0,212.1,300,-105,0,1,1
trayectoria,2.09,1,587.9,300,105,0,1,1
trayectoria,2.1,0,211.05,300,-105,0,1,1
trayectoria,2.1,1,588.95,300,105,0,1,1
trayectoria,2.11,0,210,300,-105,0,1,1
trayectoria,2.11,1,590,300,105,0,1,1
trayectoria,2.12,0,208.95,300,-105,0,1,1
trayectoria,2.12,1,591.05,300,105,0,1,1
trayectoria,2.13,0,207.9,300,-105,0,1,1
trayectoria,2.13,1,592.1,300,105,0,1,1
trayectoria,2.14,0,206.85,300,-105,0,1,1
trayectoria,2.14,1,593.15,300,105,0,1,1
trayectoria,2.15,0,205.8,300,-105,0,1,1
trayectoria,2.15,1,594.2,300,105,0,1,1
trayectoria,2.16,0,204.75,300,-105,0,1,1
trayectoria,2.16,1,595.25,300,105,0,1,1
trayectoria,2.17,0,203.7,300,-105,0,1,1
trayectoria,2.17,1,596.3,300,105,0,1,1
trayectoria,2.18,0,202.65,300,-105,0,1,1
trayectoria,2.18,1,597.35,300,105,0,1,1
trayectoria,2.19,0,201.6,300,-105,0,1,1
trayectoria,2.19,1,598.4,300,105,0,1,1
trayectoria,2.2,0,200.55,300,-105,0,1,1
trayectoria,2.2,1,599.45,300,105,0,1,1
trayectoria,2.21,0,199.5,300,-105,0,1,1
trayectoria,2.21,1,600.5,300,105,0,1,1
trayectoria,2.22,0,198.45,300,-105,0,1,1
trayectoria,2.22,1,601.55,300,105,0,1,1
trayectoria,2.23,0,197.4,300,-105,0,1,1
trayectoria,2.23,1,602.6,300,105,0,1,1
trayectoria,2.24,0,196.35,300,-105,0,1,1
trayectoria,2.24,1,603.65,300,105,0,1,1
trayectoria,2.25,0,195.3,300,-105,0,1,1
trayectoria,2.25,1,604.7,300,105,0,1,1
trayectoria,2.26,0,194.25,300,-105,0,1,1
trayectoria,2.26,1,605.75,300,105,0,1,1
trayectoria,2.27,0,193.2,300,-105,0,1,1
trayectoria,2.27,1,606.8,300,105,0,1,1
trayectoria,2.28,0,192.15,300,-105,0,1,1
trayectoria,2.28,1,607.85,300,105,0,1,1
trayectoria,2.29,0,191.1,300,-105,0,1,1
trayectoria,2.29,1,608.9,300,105,0,1,1
trayectoria,2.3,0,190.05,300,-105,0,1,1
trayectoria,2.3,1,609.95,300,105,0,1,1
trayectoria,2.31,0,189,300,-105,0,1,1
trayectoria,2.31,1,611,300,105,0,1,1
trayectoria,2.32,0,187.95,300,-105,0,1,1
trayectoria,2.32,1,612.05,300,105,0,1,1
trayectoria,2.33,0,186.9,300,-105,0,1,1
trayectoria,2.33,1,613.1,300,105,0,1,1
trayectoria,2.34,0,185.85,300,-105,0,1,1
trayectoria,2.34,1,614.15,300,105,0,1,1
trayectoria,2.35,0,184.8,300,-105,0,1,1
trayectoria,2.35,1,615.2,300,105,0,1,1
trayectoria,2.36,0,183.75,300,-105,0,1,1
trayectoria,2.36,1,616.25,300,105,0,1,1
trayectoria,2.37,0,182.7,300,-105,0,1,1
trayectoria,2.37,1,617.3,300,105,0,1,1
trayectoria,2.38,0,181.65,300,-105,0,1,1
trayectoria,2.38,1,618.35,300,105,0,1,1
trayectoria,2.39,0,180.6,300,-105,0,1,1
trayectoria,2.39,1,619.4,300,105,0,1,1
trayectoria,2.4,0,179.55,300,-105,0,1,1
trayectoria,2.4,1,620.45,300,105,0,1,1
trayectoria,2.41,0,178.5,300,-105,0,1,1
trayectoria,2.41,1,621.5,300,105,0,1,1
trayectoria,2.42,0,177.45,300,-105,0,1,1
trayectoria,2.42,1,622.55,300,105,0,1,1
trayectoria,2.43,0,176.4,300,-105,0,1,1
trayectoria,2.43,1,623.6,300,105,0,1,1
trayectoria,2.44,0,175.35,300,-105,0,1,1
trayectoria,2.44,1,624.65,300,105,0,1,1
trayectoria,2.45,0,174.3,300,-105,0,1,1
trayectoria,2.45,1,625.7,300,105,0,1,1
trayectoria,2.46,0,173.25,300,-105,0,1,1
trayectoria,2.46,1,626.75,300,105,0,1,1
trayectoria,2.47,0,172.2,300,-105,0,1,1
trayectoria,2.47,1,627.8,300,105,0,1,1
trayectoria,2.48,0,171.15,300,-105,0,1,1
trayectoria,2.48,1,628.85,300,105,0,1,1
trayectoria,2.49,0,170.1,300,-105,0,1,1
trayectoria,2.49,1,629.9,300,105,0,1,1
trayectoria,2.5,0,169.05,300,-105,0,1,1
trayectoria,2.5,1,630.95,300,105,0,1,1
trayectoria,2.51,0,168,300,-105,0,1,1
trayectoria,2.51,1,632,300,105,0,1,1
trayectoria,2.52,0,166.95,300,-105,0,1,1
trayectoria,2.52,1,633.05,300,105,0,1,1
trayectoria,2.53,0,165.9,300,-105,0,1,1
trayectoria,2.53,1,634.1,300,105,0,1,1
trayectoria,2.54,0,164.85,300,-105,0,1,1
trayectoria,2.54,1,635.15,300,105,0,1,1
trayectoria,2.55,0,163.8,300,-105,0,1,1
trayectoria,2.55,1,636.2,300,105,0,1,1
trayectoria,2.56,0,162.75,300,-105,0,1,1
trayectoria,2.56,1,637.25,300,105,0,1,1
trayectoria,2.57,0,161.7,300,-105,0,1,1
trayectoria,2.57,1,638.3,300,105,0,1,1
trayectoria,2.58,0,160.65,300,-105,0,1,1
trayectoria,2.58,1,639.35,300,105,0,1,1
trayectoria,2.59,0,159.6,300,-105,0,1,1
trayectoria,2.59,1,640.4,300,105,0,1,1
trayectoria,2.6,0,158.55,300,-105,0,1,1
trayectoria,2.6,1,641.45,300,105,0,1,1
trayectoria,2.61,0,157.5,300,-105,0,1,1
trayectoria,2.61,1,642.5,300,105,0,1,1
trayectoria,2.62,0,156.45,300,-105,0,1,1
trayectoria,2.62,1,643.55,300,105,0,1,1
trayectoria,2.63,0,155.4,300,-105,0,1,1
trayectoria,2.63,1,644.6,300,105,0,1,1
trayectoria,2.64,0,154.35,300,-105,0,1,1
trayectoria,2.64,1,645.65,300,105,0,1,1
trayectoria,2.65,0,153.3,300,-105,0,1,1
trayectoria,2.65,1,646.7,300,105,0,1,1
trayectoria,2.66,0,152.25,300,-105,0,1,1
trayectoria,2.66,1,647.75,300,105,0,1,1
trayectoria,2.67,0,151.2,300,-105,0,1,1
trayectoria,2.67,1,648.8,300,105,0,1,1
trayectoria,2.68,0,150.15,300,-105,0,1,1
trayectoria,2.68,1,649.85,300,105,0,1,1
trayectoria,2.69,0,149.1,300,-105,0,1,1
trayectoria,2.69,1,650.9,300,105,0,1,1
trayectoria,2.7,0,148.05,300,-105,0,1,1
trayectoria,2.7,1,651.95,300,105,0,1,1
trayectoria,2.71,0,147,300,-105,0,1,1
trayectoria,2.71,1,653,300,105,0,1,1
trayectoria,2.72,0,145.95,300,-105,0,1,1
trayectoria,2.72,1,654.05,300,105,0,1,1
trayectoria,2.73,0,144.9,300,-105,0,1,1
trayectoria,2.73,1,655.1,300,105,0,1,1
trayectoria,2.74,0,143.85,300,-105,0,1,1
trayectoria,2.74,1,656.15,300,105,0,1,1
trayectoria,2.75,0,142.8,300,-105,0,1,1
trayectoria,2.75,1,657.2,300,105,0,1,1
trayectoria,2.76,0,141.75,300,-105,0,1,1
trayectoria,2.76,1,658.25,300,105,0,1,1
trayectoria,2.77,0,140.7,300,-105,0,1,1
trayectoria,2.77,1,659.3,300,105,0,1,1
trayectoria,2.78,0,139.65,300,-105,0,1,1
trayectoria,2.78,1,660.35,300,105,0,1,1
trayectoria,2.79,0,138.6,300,-105,0,1,1
trayectoria,2.79,1,661.4,300,105,0,1,1
trayectoria,2.8,0,137.55,300,-105,0,1,1
trayectoria,2.8,1,662.45,300,105,0,1,1
trayectoria,2.81,0,136.5,300,-105,0,1,1
trayectoria,2.81,1,663.5,300,105,0,1,1
trayectoria,2.82,0,135.45,300,-105,0,1,1
trayectoria,2.82,1,664.55,300,105,0,1,1
trayectoria,2.83,0,134.4,300,-105,0,1,1
trayectoria,2.83,1,665.6,300,105,0,1,1
trayectoria,2.84,0,133.35,300,-105,0,1,1
trayectoria,2.84,1,666.65,300,105,0,1,1
trayectoria,2.85,0,132.3,300,-105,0,1,1
trayectoria,2.85,1,667.7,300,105,0,1,1
trayectoria,2.86,0,131.25,300,-105,0,1,1
trayectoria,2.86,1,668.75,300,105,0,1,1
trayectoria,2.87,0,130.2,300,-105,0,1,1
trayectoria,2.87,1,669.8,300,105,0,1,1
trayectoria,2.88,0,129.15,300,-105,0,1,1
trayectoria,2.88,1,670.85,300,105,0,1,1
trayectoria,2.89,0,128.1,300,-105,0,1,1
trayectoria,2.89,1,671.9,300,105,0,1,1
trayectoria,2.9,0,127.05,300,-105,0,1,1
trayectoria,2.9,1,672.95,300,105,0,1,1
trayectoria,2.91,0,126,300,-105,0,1,1
trayectoria,2.91,1,674,300,105,0,1,1
trayectoria,2.92,0,124.95,300,-105,0,1,1
trayectoria,2.92,1,675.05,300,105,0,1,1
trayectoria,2.93,0,123.9,300,-105,0,1,1
trayectoria,2.93,1,676.1,300,105,0,1,1
trayectoria,2.94,0,122.85,300,-105,0,1,1
trayectoria,2.94,1,677.15,300,105,0,1,1
trayectoria,2.95,0,121.8,300,-105,0,1,1
trayectoria,2.95,1,678.2,300,105,0,1,1
trayectoria,2.96,0,120.75,300,-105,0,1,1
trayectoria,2.96,1,679.25,300,105,0,1,1
trayectoria,2.97,0,119.7,300,-105,0,1,1
trayectoria,2.97,1,680.3,300,105,0,1,1
trayectoria,2.98,0,118.65,300,-105,0,1,1
trayectoria,2.98,1,681.35,300,105,0,1,1
trayectoria,2.99,0,117.6,300,-105,0,1,1
trayectoria,2.99,1,682.4,300,105,0,1,1
trayectoria,3,0,116.55,300,-105,0,1,1
trayectoria,3,1,683.45,300,105,0,1,1
trayectoria,3.01,0,115.5,300,-105,0,1,1
trayectoria,3.01,1,684.5,300,105,0,1,1
trayectoria,3.02,0,114.45,300,-105,0,1,1
trayectoria,3.02,1,685.55,300,105,0,1,1
trayectoria,3.03,0,113.4,300,-105,0,1,1
trayectoria,3.03,1,686.6,300,105,0,1,1
trayectoria,3.04,0,112.35,300,-105,0,1,1
trayectoria,3.04,1,687.65,300,105,0,1,1
trayectoria,3.05,0,111.3,300,-105,0,1,1
trayectoria,3.05,1,688.7,300,105,0,1,1
trayectoria,3.06,0,110.25,300,-105,0,1,1
trayectoria,3.06,1,689.75,300,105,0,1,1
trayectoria,3.07,0,109.2,300,-105,0,1,1
trayectoria,3.07,1,690.8,300,105,0,1,1
trayectoria,3.08,0,108.15,300,-105,0,1,1
trayectoria,3.08,1,691.85,300,105,0,1,1
trayectoria,3.09,0,107.1,300,-105,0,1,1
trayectoria,3.09,1,692.9,300,105,0,1,1
trayectoria,3.1,0,106.05,300,-105,0,1,1
trayectoria,3.1,1,693.95,300,105,0,1,1
trayectoria,3.11,0,105,300,-105,0,1,1
trayectoria,3.11,1,695,300,105,0,1,1
trayectoria,3.12,0,103.95,300,-105,0,1,1
trayectoria,3.12,1,696.05,300,105,0,1,1
trayectoria,3.13,0,102.9,300,-105,0,1,1
trayectoria,3.13,1,697.1,300,105,0,1,1
trayectoria,3.14,0,101.85,300,-105,0,1,1
trayectoria,3.14,1,698.15,300,105,0,1,1
trayectoria,3.15,0,100.8,300,-105,0,1,1
trayectoria,3.15,1,699.2,300,105,0,1,1
trayectoria,3.16,0,99.75,300,-105,0,1,1
trayectoria,3.16,1,700.25,300,105,0,1,1
trayectoria,3.17,0,98.7,300,-105,0,1,1
trayectoria,3.17,1,701.3,300,105,0,1,1
trayectoria,3.18,0,97.65,300,-105,0,1,1
trayectoria,3.18,1,702.35,300,105,0,1,1
trayectoria,3.19,0,96.6,300,-105,0,1,1
trayectoria,3.19,1,703.4,300,105,0,1,1
trayectoria,3.2,0,95.55,300,-105,0,1,1
trayectoria,3.2,1,704.45,300,105,0,1,1
trayectoria,3.21,0,94.5,300,-105,0,1,1
trayectoria,3.21,1,705.5,300,105,0,1,1
trayectoria,3.22,0,93.45,300,-105,0,1,1
trayectoria,3.22,1,706.55,300,105,0,1,1
trayectoria,3.23,0,92.4,300,-105,0,1,1
trayectoria,3.23,1,707.6,300,105,0,1,1
trayectoria,3.24,0,91.35,300,-105,0,1,1
trayectoria,3.24,1,708.65,300,105,0,1,1
trayectoria,3.25,0,90.3,300,-105,0,1,1
trayectoria,3.25,1,709.7,300,105,0,1,1
trayectoria,3.26,0,89.25,300,-105,0,1,1
trayectoria,3.26,1,710.75,300,105,0,1,1
trayectoria,3.27,0,88.2,300,-105,0,1,1
trayectoria,3.27,1,711.8,300,105,0,1,1
trayectoria,3.28,0,87.15,300,-105,0,1,1
trayectoria,3.28,1,712.85,300,105,0,1,1
trayectoria,3.29,0,86.1,300,-105,0,1,1
trayectoria,3.29,1,713.9,300,105,0,1,1
trayectoria,3.3,0,85.05,300,-105,0,1,1
trayectoria,3.3,1,714.95,300,105,0,1,1
trayectoria,3.31,0,84,300,-105,0,1,1
trayectoria,3.31,1,716,300,105,0,1,1
trayectoria,3.32,0,82.95,300,-105,0,1,1
trayectoria,3.32,1,717.05,300,105,0,1,1
trayectoria,3.33,0,81.9,300,-105,0,1,1
trayectoria,3.33,1,718.1,300,105,0,1,1
trayectoria,3.34,0,80.85,300,-105,0,1,1
trayectoria,3.34,1,719.15,300,105,0,1,1
trayectoria,3.35,0,79.8,300,-105,0,1,1
trayectoria,3.35,1,720.2,300,105,0,1,1
trayectoria,3.36,0,78.75,300,-105,0,1,1
trayectoria,3.36,1,721.25,300,105,0,1,1
trayectoria,3.37,0,77.7,300,-105,0,1,1
trayectoria,3.37,1,722.3,300,105,0,1,1
trayectoria,3.38,0,76.65,300,-105,0,1,1
trayectoria,3.38,1,723.35,300,105,0,1,1
trayectoria,3.39,0,75.6,300,-105,0,1,1
trayectoria,3.39,1,724.4,300,105,0,1,1
trayectoria,3.4,0,74.55,300,-105,0,1,1
trayectoria,3.4,1,725.45,300,105,0,1,1
trayectoria,3.41,0,73.5,300,-105,0,1,1
trayectoria,3.41,1,726.5,300,105,0,1,1
trayectoria,3.42,0,72.45,300,-105,0,1,1
trayectoria,3.42,1,727.55,300,105,0,1,1
trayectoria,3.43,0,71.4,300,-105,0,1,1
trayectoria,3.43,1,728.6,300,105,0,1,1
trayectoria,3.44,0,70.35,300,-105,0,1,1
trayectoria,3.44,1,729.65,300,105,0,1,1
trayectoria,3.45,0,69.3,300,-105,0,1,1
trayectoria,3.45,1,730.7,300,105,0,1,1
trayectoria,3.46,0,68.25,300,-105,0,1,1
trayectoria,3.46,1,731.75,300,105,0,1,1
trayectoria,3.47,0,67.2,300,-105,0,1,1
trayectoria,3.47,1,732.8,300,105,0,1,1
trayectoria,3.48,0,66.15,300,-105,0,1,1
trayectoria,3.48,1,733.85,300,105,0,1,1
trayectoria,3.49,0,65.1,300,-105,0,1,1
trayectoria,3.49,1,734.9,300,105,0,1,1
trayectoria,3.5,0,64.05,300,-105,0,1,1
trayectoria,3.5,1,735.95,300,105,0,1,1
trayectoria,3.51,0,63,300,-105,0,1,1
trayectoria,3.51,1,737,300,105,0,1,1
trayectoria,3.52,0,61.95,300,-105,0,1,1
trayectoria,3.52,1,738.05,300,105,0,1,1
trayectoria,3.53,0,60.9,300,-105,0,1,1
trayectoria,3.53,1,739.1,300,105,0,1,1
trayectoria,3.54,0,59.85,300,-105,0,1,1
trayectoria,3.54,1,740.15,300,105,0,1,1
trayectoria,3.55,0,58.8,300,-105,0,1,1
trayectoria,3.55,1,741.2,300,105,0,1,1
trayectoria,3.56,0,57.75,300,-105,0,1,1
trayectoria,3.56,1,742.25,300,105,0,1,1
trayectoria,3.57,0,56.7,300,-105,0,1,1
trayectoria,3.57,1,743.3,300,105,0,1,1
trayectoria,3.58,0,55.65,300,-105,0,1,1
trayectoria,3.58,1,744.35,300,105,0,1,1
trayectoria,3.59,0,54.6,300,-105,0,1,1
trayectoria,3.59,1,745.4,300,105,0,1,1
trayectoria,3.6,0,53.55,300,-105,0,1,1
trayectoria,3.6,1,746.45,300,105,0,1,1
trayectoria,3.61,0,52.5,300,-105,0,1,1
trayectoria,3.61,1,747.5,300,105,0,1,1
trayectoria,3.62,0,51.45,300,-105,0,1,1
trayectoria,3.62,1,748.55,300,105,0,1,1
trayectoria,3.63,0,50.4,300,-105,0,1,1
trayectoria,3.63,1,749.6,300,105,0,1,1
trayectoria,3.64,0,49.35,300,-105,0,1,1
trayectoria,3.64,1,750.65,300,105,0,1,1
trayectoria,3.65,0,48.3,300,-105,0,1,1
trayectoria,3.65,1,751.7,300,105,0,1,1
trayectoria,3.66,0,47.25,300,-105,0,1,1
trayectoria,3.66,1,752.75,300,105,0,1,1
trayectoria,3.67,0,46.2,300,-105,0,1,1
trayectoria,3.67,1,753.8,300,105,0,1,1
trayectoria,3.68,0,45.15,300,-105,0,1,1
trayectoria,3.68,1,754.85,300,105,0,1,1
trayectoria,3.69,0,44.1,300,-105,0,1,1
trayectoria,3.69,1,755.9,300,105,0,1,1
trayectoria,3.7,0,43.05,300,-105,0,1,1
trayectoria,3.7,1,756.95,300,105,0,1,1
trayectoria,3.71,0,42,300,-105,0,1,1
trayectoria,3.71,1,758,300,105,0,1,1
trayectoria,3.72,0,40.95,300,-105,0,1,1
trayectoria,3.72,1,759.05,300,105,0,1,1
trayectoria,3.73,0,39.9,300,-105,0,1,1
trayectoria,3.73,1,760.1,300,105,0,1,1
trayectoria,3.74,0,38.85,300,-105,0,1,1
trayectoria,3.74,1,761.15,300,105,0,1,1
trayectoria,3.75,0,37.8,300,-105,0,1,1
trayectoria,3.75,1,762.2,300,105,0,1,1
trayectoria,3.76,0,36.75,300,-105,0,1,1
trayectoria,3.76,1,763.25,300,105,0,1,1
trayectoria,3.77,0,35.7,300,-105,0,1,1
trayectoria,3.77,1,764.3,300,105,0,1,1
trayectoria,3.78,0,34.65,300,-105,0,1,1
trayectoria,3.78,1,765.35,300,105,0,1,1
trayectoria,3.79,0,33.6,300,-105,0,1,1
trayectoria,3.79,1,766.4,300,105,0,1,1
trayectoria,3.8,0,32.55,300,-105,0,1,1
trayectoria,3.8,1,767.45,300,105,0,1,1
trayectoria,3.81,0,31.5,300,-105,0,1,1
trayectoria,3.81,1,768.5,300,105,0,1,1
trayectoria,3.82,0,30.45,300,-105,0,1,1
trayectoria,3.82,1,769.55,300,105,0,1,1
trayectoria,3.83,0,29.4,300,-105,0,1,1
trayectoria,3.83,1,770.6,300,105,0,1,1
trayectoria,3.84,0,28.35,300,-105,0,1,1
trayectoria,3.84,1,771.65,300,105,0,1,1
trayectoria,3.85,0,27.3,300,-105,0,1,1
trayectoria,3.85,1,772.7,300,105,0,1,1
trayectoria,3.86,0,26.25,300,-105,0,1,1
trayectoria,3.86,1,773.75,300,105,0,1,1
trayectoria,3.87,0,25.2,300,-105,0,1,1
trayectoria,3.87,1,774.8,300,105,0,1,1
trayectoria,3.88,0,24.15,300,-105,0,1,1
trayectoria,3.88,1,775.85,300,105,0,1,1
trayectoria,3.89,0,23.1,300,-105,0,1,1
trayectoria,3.89,1,776.9,300,105,0,1,1
trayectoria,3.9,0,22.05,300,-105,0,1,1
trayectoria,3.9,1,777.95,300,105,0,1,1
trayectoria,3.91,0,21,300,-105,0,1,1
trayectoria,3.91,1,779,300,105,0,1,1
trayectoria,3.92,0,19.95,300,-105,0,1,1
trayectoria,3.92,1,780.05,300,105,0,1,1
trayectoria,3.93,0,18.9,300,-105,0,1,1
trayectoria,3.93,1,781.1,300,105,0,1,1
trayectoria,3.94,0,17.85,300,-105,0,1,1
trayectoria,3.94,1,782.15,300,105,0,1,1
trayectoria,3.95,0,16.8,300,-105,0,1,1
trayectoria,3.95,1,783.2,300,105,0,1,1
trayectoria,3.96,0,15.75,300,-105,0,1,1
trayectoria,3.96,1,784.25,300,105,0,1,1
trayectoria,3.97,0,14.7,300,-105,0,1,1
trayectoria,3.97,1,785.3,300,105,0,1,1
trayectoria,3.98,0,13.65,300,-105,0,1,1
trayectoria,3.98,1,786.35,300,105,0,1,1
trayectoria,3.99,0,12.6,300,-105,0,1,1
trayectoria,3.99,1,787.4,300,105,0,1,1
trayectoria,4,0,11.55,300,-105,0,1,1
trayectoria,4,1,788.45,300,105,0,1,1
trayectoria,4.01,0,10.5,300,-105,0,1,1
trayectoria,4.01,1,789.5,300,105,0,1,1
trayectoria,4.02,0,9.45,300,-105,0,1,1
trayectoria,4.02,1,790.55,300,105,0,1,1
trayectoria,4.03,0,8.4,300,-105,0,1,1
trayectoria,4.03,1,791.6,300,105,0,1,1
trayectoria,4.04,0,7.35,300,-105,0,1,1
trayectoria,4.04,1,792.65,300,105,0,1,1
trayectoria,4.05,0,6.3,300,-105,0,1,1
trayectoria,4.05,1,793.7,300,105,0,1,1
trayectoria,4.06,0,5.25,300,-105,0,1,1
trayectoria,4.06,1,794.75,300,105,0,1,1
trayectoria,4.07,0,5.5,300,105,0,1,1
trayectoria,4.07,1,794.5,300,-105,0,1,1
trayectoria,4.08,0,6.55,300,105,0,1,1
trayectoria,4.08,1,793.45,300,-105,0,1,1
trayectoria,4.09,0,7.6,300,105,0,1,1
trayectoria,4.09,1,792.4,300,-105,0,1,1
trayectoria,4.1,0,8.65,300,105,0,1,1
trayectoria,4.1,1,791.35,300,-105,0,1,1
trayectoria,4.11,0,9.7,300,105,0,1,1
trayectoria,4.11,1,790.3,300,-105,0,1,1
trayectoria,4.12,0,10.75,300,105,0,1,1
trayectoria,4.12,1,789.25,300,-105,0,1,1
trayectoria,4.13,0,11.8,300,105,0,1,1
trayectoria,4.13,1,788.2,300,-105,0,1,1
trayectoria,4.14,0,12.85,300,105,0,1,1
trayectoria,4.14,1,787.15,300,-105,0,1,1
trayectoria,4.15,0,13.9,300,105,0,1,1
trayectoria,4.15,1,786.1,300,-105,0,1,1
trayectoria,4.16,0,14.95,300,105,0,1,1
trayectoria,4.16,1,785.05,300,-105,0,1,1
trayectoria,4.17,0,16,300,105,0,1,1
trayectoria,4.17,1,784,300,-105,0,1,1
trayectoria,4.18,0,17.05,300,105,0,1,1
trayectoria,4.18,1,782.95,300,-105,0,1,1
trayectoria,4.19,0,18.1,300,105,0,1,1
trayectoria,4.19,1,781.9,300,-105,0,1,1
trayectoria,4.2,0,19.15,300,105,0,1,1
trayectoria,4.2,1,780.85,300,-105,0,1,1
trayectoria,4.21,0,20.2,300,105,0,1,1
trayectoria,4.21,1,779.8,300,-105,0,1,1
trayectoria,4.22,0,21.25,300,105,0,1,1
trayectoria,4.22,1,778.75,300,-105,0,1,1
trayectoria,4.23,0,22.3,300,105,0,1,1
trayectoria,4.23,1,777.7,300,-105,0,1,1
trayectoria,4.24,0,23.35,300,105,0,1,1
trayectoria,4.24,1,776.65,300,-105,0,1,1
trayectoria,4.25,0,24.4,300,105,0,1,1
trayectoria,4.25,1,775.6,300,-105,0,1,1
trayectoria,4.26,0,25.45,300,105,0,1,1
trayectoria,4.26,1,774.55,300,-105,0,1,1
trayectoria,4.27,0,26.5,300,105,0,1,1
trayectoria,4.27,1,773.5,300,-105,0,1,1
trayectoria,4.28,0,27.55,300,105,0,1,1
trayectoria,4.28,1,772.45,300,-105,0,1,1
trayectoria,4.29,0,28.6,300,105,0,1,1
trayectoria,4.29,1,771.4,300,-105,0,1,1
trayectoria,4.3,0,29.65,300,105,0,1,1
trayectoria,4.3,1,770.35,300,-105,0,1,1
trayectoria,4.31,0,30.7,300,105,0,1,1
trayectoria,4.31,1,769.3,300,-105,0,1,1
trayectoria,4.32,0,31.75,300,105,0,1,1
trayectoria,4.32,1,768.25,300,-105,0,1,1
trayectoria,4.33,0,32.8,300,105,0,1,1
trayectoria,4.33,1,767.2,300,-105,0,1,1
trayectoria,4.34,0,33.85,300,105,0,1,1
trayectoria,4.34,1,766.15,300,-105,0,1,1
trayectoria,4.35,0,34.9,300,105,0,1,1
trayectoria,4.35,1,765.1,300,-105,0,1,1
trayectoria,4.36,0,35.95,300,105,0,1,1
trayectoria,4.36,1,764.05,300,-105,0,1,1
trayectoria,4.37,0,37,300,105,0,1,1
trayectoria,4.37,1,763,300,-105,0,1,1
trayectoria,4.38,0,38.05,300,105,0,1,1
trayectoria,4.38,1,761.95,300,-105,0,1,1
trayectoria,4.39,0,39.1,300,105,0,1,1
trayectoria,4.39,1,760.9,300,-105,0,1,1
trayectoria,4.4,0,40.15,300,105,0,1,1
trayectoria,4.4,1,759.85,300,-105,0,1,1
trayectoria,4.41,0,41.2,300,105,0,1,1
trayectoria,4.41,1,758.8,300,-105,0,1,1
trayectoria,4.42,0,42.25,300,105,0,1,1
trayectoria,4.42,1,757.75,300,-105,0,1,1
trayectoria,4.43,0,43.3,300,105,0,1,1
trayectoria,4.43,1,756.7,300,-105,0,1,1
trayectoria,4.44,0,44.35,300,105,0,1,1
trayectoria,4.44,1,755.65,300,-105,0,1,1
trayectoria,4.45,0,45.4,300,105,0,1,1
trayectoria,4.45,1,754.6,300,-105,0,1,1
trayectoria,4.46,0,46.45,300,105,0,1,1
trayectoria,4.46,1,753.55,300,-105,0,1,1
trayectoria,4.47,0,47.5,300,105,0,1,1
trayectoria,4.47,1,752.5,300,-105,0,1,1
trayectoria,4.48,0,48.55,300,105,0,1,1
trayectoria,4.48,1,751.45,300,-105,0,1,1
trayectoria,4.49,0,49.6,300,105,0,1,1
trayectoria,4.49,1,750.4,300,-105,0,1,1
trayectoria,4.5,0,50.65,300,105,0,1,1
trayectoria,4.5,1,749.35,300,-105,0,1,1
trayectoria,4.51,0,51.7,300,105,0,1,1
trayectoria,4.51,1,748.3,300,-105,0,1,1
trayectoria,4.52,0,52.75,300,105,0,1,1
trayectoria,4.52,1,747.25,300,-105,0,1,1
trayectoria,4.53,0,53.8,300,105,0,1,1
trayectoria,4.53,1,746.2,300,-105,0,1,1
trayectoria,4.54,0,54.85,300,105,0,1,1
trayectoria,4.54,1,745.15,300,-105,0,1,1
trayectoria,4.55,0,55.9,300,105,0,1,1
trayectoria,4.55,1,744.1,300,-105,0,1,1
trayectoria,4.56,0,56.95,300,105,0,1,1
trayectoria,4.56,1,743.05,300,-105,0,1,1
trayectoria,4.57,0,58,300,105,0,1,1
trayectoria,4.57,1,742,300,-105,0,1,1
trayectoria,4.58,0,59.05,300,105,0,1,1
trayectoria,4.58,1,740.95,300,-105,0,1,1
trayectoria,4.59,0,60.1,300,105,0,1,1
trayectoria,4.59,1,739.9,300,-105,0,1,1
trayectoria,4.6,0,61.15,300,105,0,1,1
trayectoria,4.6,1,738.85,300,-105,0,1,1
trayectoria,4.61,0,62.2,300,105,0,1,1
trayectoria,4.61,1,737.8,300,-105,0,1,1
trayectoria,4.62,0,63.25,300,105,0,1,1
trayectoria,4.62,1,736.75,300,-105,0,1,1
trayectoria,4.63,0,64.3,300,105,0,1,1
trayectoria,4.63,1,735.7,300,-105,0,1,1
trayectoria,4.64,0,65.35,300,105,0,1,1
trayectoria,4.64,1,734.65,300,-105,0,1,1
trayectoria,4.65,0,66.4,300,105,0,1,1
trayectoria,4.65,1,733.6,300,-105,0,1,1
trayectoria,4.66,0,67.45,300,105,0,1,1
trayectoria,4.66,1,732.55,300,-105,0,1,1
trayectoria,4.67,0,68.5,300,105,0,1,1
trayectoria,4.67,1,731.5,300,-105,0,1,1
trayectoria,4.68,0,69.55,300,105,0,1,1
trayectoria,4.68,1,730.45,300,-105,0,1,1
trayectoria,4.69,0,70.6,300,105,0,1,1
trayectoria,4.69,1,729.4,300,-105,0,1,1
trayectoria,4.7,0,71.65,300,105,0,1,1
trayectoria,4.7,1,728.35,300,-105,0,1,1
trayectoria,4.71,0,72.7,300,105,0,1,1
trayectoria,4.71,1,727.3,300,-105,0,1,1
trayectoria,4.72,0,73.75,300,105,0,1,1
trayectoria,4.72,1,726.25,300,-105,0,1,1
trayectoria,4.73,0,74.8,300,105,0,1,1
trayectoria,4.73,1,725.2,300,-105,0,1,1
trayectoria,4.74,0,75.85,300,105,0,1,1
trayectoria,4.74,1,724.15,300,-105,0,1,1
trayectoria,4.75,0,76.9,300,105,0,1,1
trayectoria,4.75,1,723.1,300,-105,0,1,1
trayectoria,4.76,0,77.95,300,105,0,1,1
trayectoria,4.76,1,722.05,300,-105,0,1,1
trayectoria,4.77,0,79,300,105,0,1,1
trayectoria,4.77,1,721,300,-105,0,1,1
trayectoria,4.78,0,80.05,300,105,0,1,1
trayectoria,4.78,1,719.95,300,-105,0,1,1
trayectoria,4.79,0,81.1,300,105,0,1,1
trayectoria,4.79,1,718.9,300,-105,0,1,1
trayectoria,4.8,0,82.15,300,105,0,1,1
trayectoria,4.8,1,717.85,300,-105,0,1,1
trayectoria,4.81,0,83.2,300,105,0,1,1
trayectoria,4.81,1,716.8,300,-105,0,1,1
trayectoria,4.82,0,84.25,300,105,0,1,1
trayectoria,4.82,1,715.75,300,-105,0,1,1
trayectoria,4.83,0,85.3,300,105,0,1,1
trayectoria,4.83,1,714.7,300,-105,0,1,1
trayectoria,4.84,0,86.35,300,105,0,1,1
trayectoria,4.84,1,713.65,300,-105,0,1,1
trayectoria,4.85,0,87.4,300,105,0,1,1
trayectoria,4.85,1,712.6,300,-105,0,1,1
trayectoria,4.86,0,88.45,300,105,0,1,1
trayectoria,4.86,1,711.55,300,-105,0,1,1
trayectoria,4.87,0,89.5,300,105,0,1,1
trayectoria,4.87,1,710.5,300,-105,0,1,1
trayectoria,4.88,0,90.55,300,105,0,1,1
trayectoria,4.88,1,709.45,300,-105,0,1,1
trayectoria,4.89,0,91.6,300,105,0,1,1
trayectoria,4.89,1,708.4,300,-105,0,1,1
trayectoria,4.9,0,92.65,300,105,0,1,1
trayectoria,4.9,1,707.35,300,-105,0,1,1
trayectoria,4.91,0,93.7,300,105,0,1,1
trayectoria,4.91,1,706.3,300,-105,0,1,1
trayectoria,4.92,0,94.75,300,105,0,1,1
trayectoria,4.92,1,705.25,300,-105,0,1,1
trayectoria,4.93,0,95.8,300,105,0,1,1
trayectoria,4.93,1,704.2,300,-105,0,1,1
trayectoria,4.94,0,96.85,300,105,0,1,1
trayectoria,4.94,1,703.15,300,-105,0,1,1
trayectoria,4.95,0,97.9,300,105,0,1,1
trayectoria,4.95,1,702.1,300,-105,0,1,1
trayectoria,4.96,0,98.95,300,105,0,1,1
trayectoria,4.96,1,701.05,300,-105,0,1,1
trayectoria,4.97,0,100,300,105,0,1,1
trayectoria,4.97,1,700,300,-105,0,1,1
trayectoria,4.98,0,101.05,300,105,0,1,1
trayectoria,4.98,1,698.95,300,-105,0,1,1
trayectoria,4.99,0,102.1,300,105,0,1,1
trayectoria,4.99,1,697.9,300,-105,0,1,1
trayectoria,5,0,103.15,300,105,0,1,1
trayectoria,5,1,696.85,300,-105,0,1,1
trayectoria,5.01,0,104.2,300,105,0,1,1
trayectoria,5.01,1,695.8,300,-105,0,1,1
trayectoria,5.02,0,105.25,300,105,0,1,1
trayectoria,5.02,1,694.75,300,-105,0,1,1
trayectoria,5.03,0,106.3,300,105,0,1,1
trayectoria,5.03,1,693.7,300,-105,0,1,1
trayectoria,5.04,0,107.35,300,105,0,1,1
trayectoria,5.04,1,692.65,300,-105,0,1,1
trayectoria,5.05,0,108.4,300,105,0,1,1
trayectoria,5.05,1,691.6,300,-105,0,1,1
trayectoria,5.06,0,109.45,300,105,0,1,1
trayectoria,5.06,1,690.55,300,-105,0,1,1
trayectoria,5.07,0,110.5,300,105,0,1,1
trayectoria,5.07,1,689.5,300,-105,0,1,1
trayectoria,5.08,0,111.55,300,105,0,1,1
trayectoria,5.08,1,688.45,300,-105,0,1,1
trayectoria,5.09,0,112.6,300,105,0,1,1
trayectoria,5.09,1,687.4,300,-105,0,1,1
trayectoria,5.1,0,113.65,300,105,0,1,1
trayectoria,5.1,1,686.35,300,-105,0,1,1
trayectoria,5.11,0,114.7,300,105,0,1,1
trayectoria,5.11,1,685.3,300,-105,0,1,1
trayectoria,5.12,0,115.75,300,105,0,1,1
trayectoria,5.12,1,684.25,300,-105,0,1,1
trayectoria,5.13,0,116.8,300,105,0,1,1
trayectoria,5.13,1,683.2,300,-105,0,1,1
trayectoria,5.14,0,117.85,300,105,0,1,1
trayectoria,5.14,1,682.15,300,-105,0,1,1
trayectoria,5.15,0,118.9,300,105,0,1,1
trayectoria,5.15,1,681.1,300,-105,0,1,1
trayectoria,5.16,0,119.95,300,105,0,1,1
trayectoria,5.16,1,680.05,300,-105,0,1,1
trayectoria,5.17,0,121,300,105,0,1,1
trayectoria,5.17,1,679,300,-105,0,1,1
trayectoria,5.18,0,122.05,300,105,0,1,1
trayectoria,5.18,1,677.95,300,-105,0,1,1
trayectoria,5.19,0,123.1,300,105,0,1,1
trayectoria,5.19,1,676.9,300,-105,0,1,1
trayectoria,5.2,0,124.15,300,105,0,1,1
trayectoria,5.2,1,675.85,300,-105,0,1,1
trayectoria,5.21,0,125.2,300,105,0,1,1
trayectoria,5.21,1,674.8,300,-105,0,1,1
trayectoria,5.22,0,126.25,300,105,0,1,1
trayectoria,5.22,1,673.75,300,-105,0,1,1
trayectoria,5.23,0,127.3,300,105,0,1,1
trayectoria,5.23,1,672.7,300,-105,0,1,1
trayectoria,5.24,0,128.35,300,105,0,1,1
trayectoria,5.24,1,671.65,300,-105,0,1,1
trayectoria,5.25,0,129.4,300,105,0,1,1
trayectoria,5.25,1,670.6,300,-105,0,1,1
trayectoria,5.26,0,130.45,300,105,0,1,1
trayectoria,5.26,1,669.55,300,-105,0,1,1
trayectoria,5.27,0,131.5,300,105,0,1,1
trayectoria,5.27,1,668.5,300,-105,0,1,1
trayectoria,5.28,0,132.55,300,105,0,1,1
trayectoria,5.28,1,667.45,300,-105,0,1,1
trayectoria,5.29,0,133.6,300,105,0,1,1
trayectoria,5.29,1,666.4,300,-105,0,1,1
trayectoria,5.3,0,134.65,300,105,0,1,1
trayectoria,5.3,1,665.35,300,-105,0,1,1
trayectoria,5.31,0,135.7,300,105,0,1,1
trayectoria,5.31,1,664.3,300,-105,0,1,1
trayectoria,5.32,0,136.75,300,105,0,1,1
trayectoria,5.32,1,663.25,300,-105,0,1,1
trayectoria,5.33,0,137.8,300,105,0,1,1
trayectoria,5.33,1,662.2,300,-105,0,1,1
trayectoria,5.34,0,138.85,300,105,0,1,1
trayectoria,5.34,1,661.15,300,-105,0,1,1
trayectoria,5.35,0,139.9,300,105,0,1,1
trayectoria,5.35,1,660.1,300,-105,0,1,1
trayectoria,5.36,0,140.95,300,105,0,1,1
trayectoria,5.36,1,659.05,300,-105,0,1,1
trayectoria,5.37,0,142,300,105,0,1,1
trayectoria,5.37,1,658,300,-105,0,1,1
trayectoria,5.38,0,143.05,300,105,0,1,1
trayectoria,5.38,1,656.95,300,-105,0,1,1
trayectoria,5.39,0,144.1,300,105,0,1,1
trayectoria,5.39,1,655.9,300,-105,0,1,1
trayectoria,5.4,0,145.15,300,105,0,1,1
trayectoria,5.4,1,654.85,300,-105,0,1,1
trayectoria,5.41,0,146.2,300,105,0,1,1
trayectoria,5.41,1,653.8,300,-105,0,1,1
trayectoria,5.42,0,147.25,300,105,0,1,1
trayectoria,5.42,1,652.75,300,-105,0,1,1
trayectoria,5.43,0,148.3,300,105,0,1,1
trayectoria,5.43,1,651.7,300,-105,0,1,1
trayectoria,5.44,0,149.35,300,105,0,1,1
trayectoria,5.44,1,650.65,300,-105,0,1,1
trayectoria,5.45,0,150.4,300,105,0,1,1
trayectoria,5.45,1,649.6,300,-105,0,1,1
trayectoria,5.46,0,151.45,300,105,0,1,1
trayectoria,5.46,1,648.55,300,-105,0,1,1
trayectoria,5.47,0,152.5,300,105,0,1,1
trayectoria,5.47,1,647.5,300,-105,0,1,1
trayectoria,5.48,0,153.55,300,105,0,1,1
trayectoria,5.48,1,646.45,300,-105,0,1,1
trayectoria,5.49,0,154.6,300,105,0,1,1
trayectoria,5.49,1,645.4,300,-105,0,1,1
trayectoria,5.5,0,155.65,300,105,0,1,1
trayectoria,5.5,1,644.35,300,-105,0,1,1
trayectoria,5.51,0,156.7,300,105,0,1,1
trayectoria,5.51,1,643.3,300,-105,0,1,1
trayectoria,5.52,0,157.75,300,105,0,1,1
trayectoria,5.52,1,642.25,300,-105,0,1,1
trayectoria,5.53,0,158.8,300,105,0,1,1
trayectoria,5.53,1,641.2,300,-105,0,1,1
trayectoria,5.54,0,159.85,300,105,0,1,1
trayectoria,5.54,1,640.15,300,-105,0,1,1
trayectoria,5.55,0,160.9,300,105,0,1,1
trayectoria,5.55,1,639.1,300,-105,0,1,1
trayectoria,5.56,0,161.95,300,105,0,1,1
trayectoria,5.56,1,638.05,300,-105,0,1,1
trayectoria,5.57,0,163,300,105,0,1,1
trayectoria,5.57,1,637,300,-105,0,1,1
trayectoria,5.58,0,164.05,300,105,0,1,1
trayectoria,5.58,1,635.95,300,-105,0,1,1
trayectoria,5.59,0,165.1,300,105,0,1,1
trayectoria,5.59,1,634.9,300,-105,0,1,1
trayectoria,5.6,0,166.15,300,105,0,1,1
trayectoria,5.6,1,633.85,300,-105,0,1,1
trayectoria,5.61,0,167.2,300,105,0,1,1
trayectoria,5.61,1,632.8,300,-105,0,1,1
trayectoria,5.62,0,168.25,300,105,0,1,1
trayectoria,5.62,1,631.75,300,-105,0,1,1
trayectoria,5.63,0,169.3,300,105,0,1,1
trayectoria,5.63,1,630.7,300,-105,0,1,1
trayectoria,5.64,0,170.35,300,105,0,1,1
trayectoria,5.64,1,629.65,300,-105,0,1,1
trayectoria,5.65,0,171.4,300,105,0,1,1
trayectoria,5.65,1,628.6,300,-105,0,1,1
trayectoria,5.66,0,172.45,300,105,0,1,1
trayectoria,5.66,1,627.55,300,-105,0,1,1
trayectoria,5.67,0,173.5,300,105,0,1,1
trayectoria,5.67,1,626.5,300,-105,0,1,1
trayectoria,5.68,0,174.55,300,105,0,1,1
trayectoria,5.68,1,625.45,300,-105,0,1,1
trayectoria,5.69,0,175.6,300,105,0,1,1
trayectoria,5.69,1,624.4,300,-105,0,1,1
trayectoria,5.7,0,176.65,300,105,0,1,1
trayectoria,5.7,1,623.35,300,-105,0,1,1
trayectoria,5.71,0,177.7,300,105,0,1,1
trayectoria,5.71,1,622.3,300,-105,0,1,1
trayectoria,5.72,0,178.75,300,105,0,1,1
trayectoria,5.72,1,621.25,300,-105,0,1,1
trayectoria,5.73,0,179.8,300,105,0,1,1
trayectoria,5.73,1,620.2,300,-105,0,1,1
trayectoria,5.74,0,180.85,300,105,0,1,1
trayectoria,5.74,1,619.15,300,-105,0,1,1
trayectoria,5.75,0,181.9,300,105,0,1,1
trayectoria,5.75,1,618.1,300,-105,0,1,1
trayectoria,5.76,0,182.95,300,105,0,1,1
trayectoria,5.76,1,617.05,300,-105,0,1,1
trayectoria,5.77,0,184,300,105,0,1,1
trayectoria,5.77,1,616,300,-105,0,1,1
trayectoria,5.78,0,185.05,300,105,0,1,1
trayectoria,5.78,1,614.95,300,-105,0,1,1
trayectoria,5.79,0,186.1,300,105,0,1,1
trayectoria,5.79,1,613.9,300,-105,0,1,1
trayectoria,5.8,0,187.15,300,105,0,1,1
trayectoria,5.8,1,612.85,300,-105,0,1,1
#
# PARTICULAS
particula,0,188.2,300,1,5,1
particula,1,611.8,300,1,5,1
#
# COLISIONES
colision,1.3,obstaculo,0,0
colision,1.3,obstaculo,1,0
colision,4.06,pared_izquierda,0,-1
colision,4.06,pared_derecha,1,-1
