# SIMULACION DE COLISIONES MULTIPLES
# Practica 5 - Informatica II
#
# Box: 800 x 600
# Tiempo: 11.1 s
# Particulas activas: 1/1
# Total colisiones: 6
#
# OBSTACULOS
#
# TRAYECTORIAS DE PARTICULAS
# Formato: trayectoria,tiempo,id,x,y,vx,vy,masa,activa
trayectoria,0,0,400,300,200,150,1,1
trayectoria,0,0,400,300,200,150,1,1
trayectoria,0.01,0,402,301.5,200,150,1,1
trayectoria,0.02,0,404,303,200,150,1,1
trayectoria,0.03,0,406,304.5,200,150,1,1
trayectoria,0.04,0,408,306,200,150,1,1
trayectoria,0.05,0,410,307.5,200,150,1,1
trayectoria,0.06,0,412,309,200,150,1,1
trayectoria,0.07,0,414,310.5,200,150,1,1
trayectoria,0.08,0,416,312,200,150,1,1
trayectoria,0.09,0,418,313.5,200,150,1,1
trayectoria,0.1,0,420,315,200,150,1,1
trayectoria,0.11,0,422,316.5,200,150,1,1
trayectoria,0.12,0,424,318,200,150,1,1
trayectoria,0.13,0,426,319.5,200,150,1,1
trayectoria,0.14,0,428,321,200,150,1,1
trayectoria,0.15,0,430,322.5,200,150,1,1
trayectoria,0.16,0,432,324,200,150,1,1
trayectoria,0.17,0,434,325.5,200,150,1,1
trayectoria,0.18,0,436,327,200,150,1,1
trayectoria,0.19,0,438,328.5,200,150,1,1
trayectoria,0.2,0,440,330,200,150,1,1
trayectoria,0.21,0,442,331.5,200,150,1,1
trayectoria,0.22,0,444,333,200,150,1,1
trayectoria,0.23,0,446,334.5,200,150,1,1
trayectoria,0.24,0,448,336,200,150,1,1
trayectoria,0.25,0,450,337.5,200,150,1,1
trayectoria,0.26,0,452,339,200,150,1,1
trayectoria,0.27,0,454,340.5,200,150,1,1
trayectoria,0.28,0,456,342,200,150,1,1
trayectoria,0.29,0,458,343.5,200,150,1,1
trayectoria,0.3,0,460,345,200,150,1,1
trayectoria,0.31,0,462,346.5,200,150,1,1
trayectoria,0.32,0,464,348,200,150,1,1
trayectoria,0.33,0,466,349.5,200,150,1,1
trayectoria,0.34,0,468,351,200,150,1,1
trayectoria,0.35,0,470,352.5,200,150,1,1
trayectoria,0.36,0,472,354,200,150,1,1
trayectoria,0.37,0,474,355.5,200,150,1,1
trayectoria,0.38,0,476,357,200,150,1,1
trayectoria,0.39,0,478,358.5,200,150,1,1
trayectoria,0.4,0,480,360,200,150,1,1
trayectoria,0.41,0,482,361.5,200,150,1,1
trayectoria,0.42,0,484,363,200,150,1,1
trayectoria,0.43,0,486,364.5,200,150,1,1
trayectoria,0.44,0,488,366,200,150,1,1
trayectoria,0.45,0,490,367.5,200,150,1,1
trayectoria,0.46,0,492,369,200,150,1,1
trayectoria,0.47,0,494,370.5,200,150,1,1
trayectoria,0.48,0,496,372,200,150,1,1
trayectoria,0.49,0,498,373.5,200,150,1,1
trayectoria,0.5,0,500,375,200,150,1,1
trayectoria,0.51,0,502,376.5,200,150,1,1
trayectoria,0.52,0,504,378,200,150,1,1
trayectoria,0.53,0,506,379.5,200,150,1,1
trayectoria,0.54,0,508,381,200,150,1,1
trayectoria,0.55,0,510,382.5,200,150,1,1
trayectoria,0.56,0,512,384,200,150,1,1
trayectoria,0.57,0,514,385.5,200,150,1,1
trayectoria,0.58,0,516,387,200,150,1,1
trayectoria,0.59,0,518,388.5,200,150,1,1
trayectoria,0.6,0,520,390,200,150,1,1
trayectoria,0.61,0,522,391.5,200,150,1,1
trayectoria,0.62,0,524,393,200,150,1,1
trayectoria,0.63,0,526,394.5,200,150,1,1
trayectoria,0.64,0,528,396,200,150,1,1
trayectoria,0.65,0,530,397.5,200,150,1,1
trayectoria,0.66,0,532,399,200,150,1,1
trayectoria,0.67,0,534,400.5,200,150,1,1
trayectoria,0.68,0,536,402,200,150,1,1
trayectoria,0.69,0,538,403.5,200,150,1,1
trayectoria,0.7,0,540,405,200,150,1,1
trayectoria,0.71,0,542,406.5,200,150,1,1
trayectoria,0.72,0,544,408,200,150,1,1
trayectoria,0.73,0,546,409.5,200,150,1,1
trayectoria,0.74,0,548,411,200,150,1,1
trayectoria,0.75,0,550,412.5,200,150,1,1
trayectoria,0.76,0,552,414,200,150,1,1
trayectoria,0.77,0,554,415.5,200,150,1,1
trayectoria,0.78,0,556,417,200,150,1,1
trayectoria,0.79,0,558,418.5,200,150,1,1
trayectoria,0.8,0,560,420,200,150,1,1
trayectoria,0.81,0,562,421.5,200,150,1,1
trayectoria,0.82,0,564,423,200,150,1,1
trayectoria,0.83,0,566,424.5,200,150,1,1
trayectoria,0.84,0,568,426,200,150,1,1
trayectoria,0.85,0,570,427.5,200,150,1,1
trayectoria,0.86,0,572,429,200,150,1,1
trayectoria,0.87,0,574,430.5,200,150,1,1
trayectoria,0.88,0,576,432,200,150,1,1
trayectoria,0.89,0,578,433.5,200,150,1,1
trayectoria,0.9,0,580,435,200,150,1,1
trayectoria,0.91,0,582,436.5,200,150,1,1
trayectoria,0.92,0,584,438,200,150,1,1
trayectoria,0.93,0,586,439.5,200,150,1,1
trayectoria,0.94,0,588,441,200,150,1,1
trayectoria,0.95,0,590,442.5,200,150,1,1
trayectoria,0.96,0,592,444,200,150,1,1
trayectoria,0.97,0,594,445.5,200,150,1,1
trayectoria,0.98,0,596,447,200,150,1,1
trayectoria,0.99,0,598,448.5,200,150,1,1
trayectoria,1,0,600,450,200,150,1,1
trayectoria,1.01,0,602,451.5,200,150,1,1
trayectoria,1.02,0,604,453,200,150,1,1
trayectoria,1.03,0,606,454.5,200,150,1,1
trayectoria,1.04,0,608,456,200,150,1,1
trayectoria,1.05,0,610,457.5,200,150,1,1
trayectoria,1.06,0,612,459,200,150,1,1
trayectoria,1.07,0,614,460.5,200,150,1,1
trayectoria,1.08,0,616,462,200,150,1,1
trayectoria,1.09,0,618,463.5,200,150,1,1
trayectoria,1.1,0,620,465,200,150,1,1
trayectoria,1.11,0,622,466.5,200,150,1,1
trayectoria,1.12,0,624,468,200,150,1,1
trayectoria,1.13,0,626,469.5,200,150,1,1
trayectoria,1.14,0,628,471,200,150,1,1
trayectoria,1.15,0,630,472.5,200,150,1,1
trayectoria,1.16,0,632,474,200,150,1,1
trayectoria,1.17,0,634,475.5,200,150,1,1
trayectoria,1.18,0,636,477,200,150,1,1
trayectoria,1.19,0,638,478.5,200,150,1,1
trayectoria,1.2,0,640,480,200,150,1,1
trayectoria,1.21,0,642,481.5,200,150,1,1
trayectoria,1.22,0,644,483,200,150,1,1
trayectoria,1.23,0,646,484.5,200,150,1,1
trayectoria,1.24,0,648,486,200,150,1,1
trayectoria,1.25,0,650,487.5,200,150,1,1
trayectoria,1.26,0,652,489,200,150,1,1
trayectoria,1.27,0,654,490.5,200,150,1,1
trayectoria,1.28,0,656,492,200,150,1,1
trayectoria,1.29,0,658,493.5,200,150,1,1
trayectoria,1.3,0,660,495,200,150,1,1
trayectoria,1.31,0,662,496.5,200,150,1,1
trayectoria,1.32,0,664,498,200,150,1,1
trayectoria,1.33,0,666,499.5,200,150,1,1
trayectoria,1.34,0,668,501,200,150,1,1
trayectoria,1.35,0,670,502.5,200,150,1,1
trayectoria,1.36,0,672,504,200,150,1,1
trayectoria,1.37,0,674,505.5,200,150,1,1
trayectoria,1.38,0,676,507,200,150,1,1
trayectoria,1.39,0,678,508.5,200,150,1,1
trayectoria,1.4,0,680,510,200,150,1,1
trayectoria,1.41,0,682,511.5,200,150,1,1
trayectoria,1.42,0,684,513,200,150,1,1
trayectoria,1.43,0,686,514.5,200,150,1,1
trayectoria,1.44,0,688,516,200,150,1,1
trayectoria,1.45,0,690,517.5,200,150,1,1
trayectoria,1.46,0,692,519,200,150,1,1
trayectoria,1.47,0,694,520.5,200,150,1,1
trayectoria,1.48,0,696,522,200,150,1,1
trayectoria,1.49,0,698,523.5,200,150,1,1
trayectoria,1.5,0,700,525,200,150,1,1
trayectoria,1.51,0,702,526.5,200,150,1,1
trayectoria,1.52,0,704,528,200,150,1,1
trayectoria,1.53,0,706,529.5,200,150,1,1
trayectoria,1.54,0,708,531,200,150,1,1
trayectoria,1.55,0,710,532.5,200,150,1,1
trayectoria,1.56,0,712,534,200,150,1,1
trayectoria,1.57,0,714,535.5,200,150,1,1
trayectoria,1.58,0,716,537,200,150,1,1
trayectoria,1.59,0,718,538.5,200,150,1,1
trayectoria,1.6,0,720,540,200,150,1,1
trayectoria,1.61,0,722,541.5,200,150,1,1
trayectoria,1.62,0,724,543,200,150,1,1
trayectoria,1.63,0,726,544.5,200,150,1,1
trayectoria,1.64,0,728,546,200,150,1,1
trayectoria,1.65,0,730,547.5,200,150,1,1
trayectoria,1.66,0,732,549,200,150,1,1
trayectoria,1.67,0,734,550.5,200,150,1,1
trayectoria,1.68,0,736,552,200,150,1,1
trayectoria,1.69,0,738,553.5,200,150,1,1
trayectoria,1.7,0,740,555,200,150,1,1
trayectoria,1.71,0,742,556.5,200,150,1,1
trayectoria,1.72,0,744,558,200,150,1,1
trayectoria,1.73,0,746,559.5,200,150,1,1
trayectoria,1.74,0,748,561,200,150,1,1
trayectoria,1.75,0,750,562.5,200,150,1,1
trayectoria,1.76,0,752,564,200,150,1,1
trayectoria,1.77,0,754,565.5,200,150,1,1
trayectoria,1.78,0,756,567,200,150,1,1
trayectoria,1.79,0,758,568.5,200,150,1,1
trayectoria,1.8,0,760,570,200,150,1,1
trayectoria,1.81,0,762,571.5,200,150,1,1
trayectoria,1.82,0,764,573,200,150,1,1
trayectoria,1.83,0,766,574.5,200,150,1,1
trayectoria,1.84,0,768,576,200,150,1,1
trayectoria,1.85,0,770,577.5,200,150,1,1
trayectoria,1.86,0,772,579,200,150,1,1
trayectoria,1.87,0,774,580.5,200,150,1,1
trayectoria,1.88,0,776,582,200,150,1,1
trayectoria,1.89,0,778,583.5,200,150,1,1
trayectoria,1.9,0,780,585,200,150,1,1
trayectoria,1.91,0,782,586.5,200,150,1,1
trayectoria,1.92,0,784,588,200,150,1,1
trayectoria,1.93,0,786,589.5,200,150,1,1
trayectoria,1.94,0,788,591,200,150,1,1
trayectoria,1.95,0,790,592.5,200,150,1,1
trayectoria,1.96,0,792,594,200,150,1,1
trayectoria,1.97,0,794,594.5,200,-150,1,1
trayectoria,1.98,0,794.5,593,-200,-150,1,1
trayectoria,1.99,0,792.5,591.5,-200,-150,1,1
trayectoria,2,0,790.5,590,-200,-150,1,1
trayectoria,2.01,0,788.5,588.5,-200,-150,1,1
trayectoria,2.02,0,786.5,587,-200,-150,1,1
trayectoria,2.03,0,784.5,585.5,-200,-150,1,1
trayectoria,2.04,0,782.5,584,-200,-150,1,1
trayectoria,2.05,0,780.5,582.5,-200,-150,1,1
trayectoria,2.06,0,778.5,581,-200,-150,1,1
trayectoria,2.07,0,776.5,579.5,-200,-150,1,1
trayectoria,2.08,0,774.5,578,-200,-150,1,1
trayectoria,2.09,0,772.5,576.5,-200,-150,1,1
trayectoria,2.1,0,770.5,575,-200,-150,1,1
trayectoria,2.11,0,768.5,573.5,-200,-150,1,1
trayectoria,2.12,0,766.5,572,-200,-150,1,1
trayectoria,2.13,0,764.5,570.5,-200,-150,1,1
trayectoria,2.14,0,762.5,569,-200,-150,1,1
trayectoria,2.15,0,760.5,567.5,-200,-150,1,1
trayectoria,2.16,0,758.5,566,-200,-150,1,1
trayectoria,2.17,0,756.5,564.5,-200,-150,1,1
trayectoria,2.18,0,754.5,563,-200,-150,1,1
trayectoria,2.19,0,752.5,561.5,-200,-150,1,1
trayectoria,2.2,0,750.5,560,-200,-150,1,1
trayectoria,2.21,0,748.5,558.5,-200,-150,1,1
trayectoria,2.22,0,746.5,557,-200,-150,1,1
trayectoria,2.23,0,744.5,555.5,-200,-150,1,1
trayectoria,2.24,0,742.5,554,-200,-150,1,1
trayectoria,2.25,0,740.5,552.5,-200,-150,1,1
trayectoria,2.26,0,738.5,551,-200,-150,1,1
trayectoria,2.27,0,736.5,549.5,-200,-150,1,1
trayectoria,2.28,0,734.5,548,-200,-150,1,1
trayectoria,2.29,0,732.5,546.5,-200,-150,1,1
trayectoria,2.3,0,730.5,545,-200,-150,1,1
trayectoria,2.31,0,728.5,543.5,-200,-150,1,1
trayectoria,2.32,0,726.5,542,-200,-150,1,1
trayectoria,2.33,0,724.5,540.5,-200,-150,1,1
trayectoria,2.34,0,722.5,539,-200,-150,1,1
trayectoria,2.35,0,720.5,537.5,-200,-150,1,1
trayectoria,2.36,0,718.5,536,-200,-150,1,1
trayectoria,2.37,0,716.5,534.5,-200,-150,1,1
trayectoria,2.38,0,714.5,533,-200,-150,1,1
trayectoria,2.39,0,712.5,531.5,-200,-150,1,1
trayectoria,2.4,0,710.5,530,-200,-150,1,1
trayectoria,2.41,0,708.5,528.5,-200,-150,1,1
trayectoria,2.42,0,706.5,527,-200,-150,1,1
trayectoria,2.43,0,704.5,525.5,-200,-150,1,1
trayectoria,2.44,0,702.5,524,-200,-150,1,1
trayectoria,2.45,0,700.5,522.5,-200,-150,1,1
trayectoria,2.46,0,698.5,521,-200,-150,1,1
trayectoria,2.47,0,696.5,519.5,-200,-150,1,1
trayectoria,2.48,0,694.5,518,-200,-150,1,1
trayectoria,2.49,0,692.5,516.5,-200,-150,1,1
trayectoria,2.5,0,690.5,515,-200,-150,1,1
trayectoria,2.51,0,688.5,513.5,-200,-150,1,1
trayectoria,2.52,0,686.5,512,-200,-150,1,1
trayectoria,2.53,0,684.5,510.5,-200,-150,1,1
trayectoria,2.54,0,682.5,509,-200,-150,1,1
trayectoria,2.55,0,680.5,507.5,-200,-150,1,1
trayectoria,2.56,0,678.5,506,-200,-150,1,1
trayectoria,2.57,0,676.5,504.5,-200,-150,1,1
trayectoria,2.58,0,674.5,503,-200,-150,1,1
trayectoria,2.59,0,672.5,501.5,-200,-150,1,1
trayectoria,2.6,0,670.5,500,-200,-150,1,1
trayectoria,2.61,0,668.5,498.5,-200,-150,1,1
trayectoria,2.62,0,666.5,497,-200,-150,1,1
trayectoria,2.63,0,664.5,495.5,-200,-150,1,1
trayectoria,2.64,0,662.5,494,-200,-150,1,1
trayectoria,2.65,0,660.5,492.5,-200,-150,1,1
trayectoria,2.66,0,658.5,491,-200,-150,1,1
trayectoria,2.67,0,656.5,489.5,-200,-150,1,1
trayectoria,2.68,0,654.5,488,-200,-150,1,1
trayectoria,2.69,0,652.5,486.5,-200,-150,1,1
trayectoria,2.7,0,650.5,485,-200,-150,1,1
trayectoria,2.71,0,648.5,483.5,-200,-150,1,1
trayectoria,2.72,0,646.5,482,-200,-150,1,1
trayectoria,2.73,0,644.5,480.5,-200,-150,1,1
trayectoria,2.74,0,642.5,479,-200,-150,1,1
trayectoria,2.75,0,640.5,477.5,-200,-150,1,1
trayectoria,2.76,0,638.5,476,-200,-150,1,1
trayectoria,2.77,0,636.5,474.5,-200,-150,1,1
trayectoria,2.78,0,634.5,473,-200,-150,1,1
trayectoria,2.79,0,632.5,471.5,-200,-150,1,1
trayectoria,2.8,0,630.5,470,-200,-150,1,1
trayectoria,2.81,0,628.5,468.5,-200,-150,1,1
trayectoria,2.82,0,626.5,467,-200,-150,1,1
trayectoria,2.83,0,624.5,465.5,-200,-150,1,1
trayectoria,2.84,0,622.5,464,-200,-150,1,1
trayectoria,2.85,0,620.5,462.5,-200,-150,1,1
trayectoria,2.86,0,618.5,461,-200,-150,1,1
trayectoria,2.87,0,616.5,459.5,-200,-150,1,1
trayectoria,2.88,0,614.5,458,-200,-150,1,1
trayectoria,2.89,0,612.5,456.5,-200,-150,1,1
trayectoria,2.9,0,610.5,455,-200,-150,1,1
trayectoria,2.91,0,608.5,453.5,-200,-150,1,1
trayectoria,2.92,0,606.5,452,-200,-150,1,1
trayectoria,2.93,0,604.5,450.5,-200,-150,1,1
trayectoria,2.94,0,602.5,449,-200,-150,1,1
trayectoria,2.95,0,600.5,447.5,-200,-150,1,1
trayectoria,2.96,0,598.5,446,-200,-150,1,1
trayectoria,2.97,0,596.5,444.5,-200,-150,1,1
trayectoria,2.98,0,594.5,443,-200,-150,1,1
trayectoria,2.99,0,592.5,441.5,-200,-150,1,1
trayectoria,3,0,590.5,440,-200,-150,1,1
trayectoria,3.01,0,588.5,438.5,-200,-150,1,1
trayectoria,3.02,0,586.5,437,-200,-150,1,1
trayectoria,3.03,0,584.5,435.5,-200,-150,1,1
trayectoria,3.04,0,582.5,434,-200,-150,1,1
trayectoria,3.05,0,580.5,432.5,-200,-150,1,1
trayectoria,3.06,0,578.5,431,-200,-150,1,1
trayectoria,3.07,0,576.5,429.5,-200,-150,1,1
trayectoria,3.08,0,574.5,428,-200,-150,1,1
trayectoria,3.09,0,572.5,426.5,-200,-150,1,1
trayectoria,3.1,0,570.5,425,-200,-150,1,1
trayectoria,3.11,0,568.5,423.5,-200,-150,1,1
trayectoria,3.12,0,566.5,422,-200,-150,1,1
trayectoria,3.13,0,564.5,420.5,-200,-150,1,1
trayectoria,3.14,0,562.5,419,-200,-150,1,1
trayectoria,3.15,0,560.5,417.5,-200,-150,1,1
trayectoria,3.16,0,558.5,416,-200,-150,1,1
trayectoria,3.17,0,556.5,414.5,-200,-150,1,1
trayectoria,3.18,0,554.5,413,-200,-150,1,1
trayectoria,3.19,0,552.5,411.5,-200,-150,1,1
trayectoria,3.2,0,550.5,410,-200,-150,1,1
trayectoria,3.21,0,548.5,408.5,-200,-150,1,1
trayectoria,3.22,0,546.5,407,-200,-150,1,1
trayectoria,3.23,0,544.5,405.5,-200,-150,1,1
trayectoria,3.24,0,542.5,404,-200,-150,1,1
trayectoria,3.25,0,540.5,402.5,-200,-150,1,1
trayectoria,3.26,0,538.5,401,-200,-150,1,1
trayectoria,3.27,0,536.5,399.5,-200,-150,1,1
trayectoria,3.28,0,534.5,398,-200,-150,1,1
trayectoria,3.29,0,532.5,396.5,-200,-150,1,1
trayectoria,3.3,0,530.5,395,-200,-150,1,1
trayectoria,3.31,0,528.5,393.5,-200,-150,1,1
trayectoria,3.32,0,526.5,392,-200,-150,1,1
trayectoria,3.33,0,524.5,390.5,-200,-150,1,1
trayectoria,3.34,0,522.5,389,-200,-150,1,1
trayectoria,3.35,0,520.5,387.5,-200,-150,1,1
trayectoria,3.36,0,518.5,386,-200,-150,1,1
trayectoria,3.37,0,516.5,384.5,-200,-150,1,1
trayectoria,3.38,0,514.5,383,-200,-150,1,1
trayectoria,3.39,0,512.5,381.5,-200,-150,1,1
trayectoria,3.4,0,510.5,380,-200,-150,1,1
trayectoria,3.41,0,508.5,378.5,-200,-150,1,1
trayectoria,3.42,0,506.5,377,-200,-150,1,1
trayectoria,3.43,0,504.5,375.5,-200,-150,1,1
trayectoria,3.44,0,502.5,374,-200,-150,1,1
trayectoria,3.45,0,500.5,372.5,-200,-150,1,1
trayectoria,3.46,0,498.5,371,-200,-150,1,1
trayectoria,3.47,0,496.5,369.5,-200,-150,1,1
trayectoria,3.48,0,494.5,368,-200,-150,1,1
trayectoria,3.49,0,492.5,366.5,-200,-150,1,1
trayectoria,3.5,0,490.5,365,-200,-150,1,1
trayectoria,3.51,0,488.5,363.5,-200,-150,1,1
trayectoria,3.52,0,486.5,362,-200,-150,1,1
trayectoria,3.53,0,484.5,360.5,-200,-150,1,1
trayectoria,3.54,0,482.5,359,-200,-150,1,1
trayectoria,3.55,0,480.5,357.5,-200,-150,1,1
trayectoria,3.56,0,478.5,356,-200,-150,1,1
trayectoria,3.57,0,476.5,354.5,-200,-150,1,1
trayectoria,3.58,0,474.5,353,-200,-150,1,1
trayectoria,3.59,0,472.5,351.5,-200,-150,1,1
trayectoria,3.6,0,470.5,350,-200,-150,1,1
trayectoria,3.61,0,468.5,348.5,-200,-150,1,1
trayectoria,3.62,0,466.5,347,-200,-150,1,1
trayectoria,3.63,0,464.5,345.5,-200,-150,1,1
trayectoria,3.64,0,462.5,344,-200,-150,1,1
trayectoria,3.65,0,460.5,342.5,-200,-150,1,1
trayectoria,3.66,0,458.5,341,-200,-150,1,1
trayectoria,3.67,0,456.5,339.5,-200,-150,1,1
trayectoria,3.68,0,454.5,338,-200,-150,1,1
trayectoria,3.69,0,452.5,336.5,-200,-150,1,1
trayectoria,3.7,0,450.5,335,-200,-150,1,1
trayectoria,3.71,0,448.5,333.5,-200,-150,1,1
trayectoria,3.72,0,446.5,332,-200,-150,1,1
trayectoria,3.73,0,444.5,330.5,-200,-150,1,1
trayectoria,3.74,0,442.5,329,-200,-150,1,1
trayectoria,3.75,0,440.5,327.5,-200,-150,1,1
trayectoria,3.76,0,438.5,326,-200,-150,1,1
trayectoria,3.77,0,436.5,324.5,-200,-150,1,1
trayectoria,3.78,0,434.5,323,-200,-150,1,1
trayectoria,3.79,0,432.5,321.5,-200,-150,1,1
trayectoria,3.8,0,430.5,320,-200,-150,1,1
trayectoria,3.81,0,428.5,318.5,-200,-150,1,1
trayectoria,3.82,0,426.5,317,-200,-150,1,1
trayectoria,3.83,0,424.5,315.5,-200,-150,1,1
trayectoria,3.84,0,422.5,314,-200,-150,1,1
trayectoria,3.85,0,420.5,312.5,-200,-150,1,1
trayectoria,3.86,0,418.5,311,-200,-150,1,1
trayectoria,3.87,0,416.5,309.5,-200,-150,1,1
trayectoria,3.88,0,414.5,308,-200,-150,1,1
trayectoria,3.89,0,412.5,306.5,-200,-150,1,1
trayectoria,3.9,0,410.5,305,-200,-150,1,1
trayectoria,3.91,0,408.5,303.5,-200,-150,1,1
trayectoria,3.92,0,406.5,302,-200,-150,1,1
trayectoria,3.93,0,404.5,300.5,-200,-150,1,1
trayectoria,3.94,0,402.5,299,-200,-150,1,1
trayectoria,3.95,0,400.5,297.5,-200,-150,1,1
trayectoria,3.96,0,398.5,296,-200,-150,1,1
trayectoria,3.97,0,396.5,294.5,-200,-150,1,1
trayectoria,3.98,0,394.5,293,-200,-150,1,1
trayectoria,3.99,0,392.5,291.5,-200,-150,1,1
trayectoria,4,0,390.5,290,-200,-150,1,1
trayectoria,4.01,0,388.5,288.5,-200,-150,1,1
trayectoria,4.02,0,386.5,287,-200,-150,1,1
trayectoria,4.03,0,384.5,285.5,-200,-150,1,1
trayectoria,4.04,0,382.5,284,-200,-150,1,1
trayectoria,4.05,0,380.5,282.5,-200,-150,1,1
trayectoria,4.06,0,378.5,281,-200,-150,1,1
trayectoria,4.07,0,376.5,279.5,-200,-150,1,1
trayectoria,4.08,0,374.5,278,-200,-150,1,1
trayectoria,4.09,0,372.5,276.5,-200,-150,1,1
trayectoria,4.1,0,370.5,275,-200,-150,1,1
trayectoria,4.11,0,368.5,273.5,-200,-150,1,1
trayectoria,4.12,0,366.5,272,-200,-150,1,1
trayectoria,4.13,0,364.5,270.5,-200,-150,1,1
trayectoria,4.14,0,362.5,269,-200,-150,1,1
trayectoria,4.15,0,360.5,267.5,-200,-150,1,1
trayectoria,4.16,0,358.5,266,-200,-150,1,1
trayectoria,4.17,0,356.5,264.5,-200,-150,1,1
trayectoria,4.18,0,354.5,263,-200,-150,1,1
trayectoria,4.19,0,352.5,261.5,-200,-150,1,1
trayectoria,4.2,0,350.5,260,-200,-150,1,1
trayectoria,4.21,0,348.5,258.5,-200,-150,1,1
trayectoria,4.22,0,346.5,257,-200,-150,1,1
trayectoria,4.23,0,344.5,255.5,-200,-150,1,1
trayectoria,4.24,0,342.5,254,-200,-150,1,1
trayectoria,4.25,0,340.5,252.5,-200,-150,1,1
trayectoria,4.26,0,338.5,251,-200,-150,1,1
trayectoria,4.27,0,336.5,249.5,-200,-150,1,1
trayectoria,4.28,0,334.5,248,-200,-150,1,1
trayectoria,4.29,0,332.5,246.5,-200,-150,1,1
trayectoria,4.3,0,330.5,245,-200,-150,1,1
trayectoria,4.31,0,328.5,243.5,-200,-150,1,1
trayectoria,4.32,0,326.5,242,-200,-150,1,1
trayectoria,4.33,0,324.5,240.5,-200,-150,1,1
trayectoria,4.34,0,322.5,239,-200,-150,1,1
trayectoria,4.35,0,320.5,237.5,-200,-150,1,1
trayectoria,4.36,0,318.5,236,-200,-150,1,1
trayectoria,4.37,0,316.5,234.5,-200,-150,1,1
trayectoria,4.38,0,314.5,233,-200,-150,1,1
trayectoria,4.39,0,312.5,231.5,-200,-150,1,1
trayectoria,4.4,0,310.5,230,-200,-150,1,1
trayectoria,4.41,0,308.5,228.5,-200,-150,1,1
trayectoria,4.42,0,306.5,227,-200,-150,1,1
trayectoria,4.43,0,304.5,225.5,-200,-150,1,1
trayectoria,4.44,0,302.5,224,-200,-150,1,1
trayectoria,4.45,0,300.5,222.5,-200,-150,1,1
trayectoria,4.46,0,298.5,221,-200,-150,1,1
trayectoria,4.47,0,296.5,219.5,-200,-150,1,1
trayectoria,4.48,0,294.5,218,-200,-150,1,1
trayectoria,4.49,0,292.5,216.5,-200,-150,1,1
trayectoria,4.5,0,290.5,215,-200,-150,1,1
trayectoria,4.51,0,288.5,213.5,-200,-150,1,1
trayectoria,4.52,0,286.5,212,-200,-150,1,1
trayectoria,4.53,0,284.5,210.5,-200,-150,1,1
trayectoria,4.54,0,282.5,209,-200,-150,1,1
trayectoria,4.55,0,280.5,207.5,-200,-150,1,1
trayectoria,4.56,0,278.5,206,-200,-150,1,1
trayectoria,4.57,0,276.5,204.5,-200,-150,1,1
trayectoria,4.58,0,274.5,203,-200,-150,1,1
trayectoria,4.59,0,272.5,201.5,-200,-150,1,1
trayectoria,4.6,0,270.5,200,-200,-150,1,1
trayectoria,4.61,0,268.5,198.5,-200,-150,1,1
trayectoria,4.62,0,266.5,197,-200,-150,1,1
trayectoria,4.63,0,264.5,195.5,-200,-150,1,1
trayectoria,4.64,0,262.5,194,-200,-150,1,1
trayectoria,4.65,0,260.5,192.5,-200,-150,1,1
trayectoria,4.66,0,258.5,191,-200,-150,1,1
trayectoria,4.67,0,256.5,189.5,-200,-150,1,1
trayectoria,4.68,0,254.5,188,-200,-150,1,1
trayectoria,4.69,0,252.5,186.5,-200,-150,1,1
trayectoria,4.7,0,250.5,185,-200,-150,1,1
trayectoria,4.71,0,248.5,183.5,-200,-150,1,1
trayectoria,4.72,0,246.5,182,-200,-150,1,1
trayectoria,4.73,0,244.5,180.5,-200,-150,1,1
trayectoria,4.74,0,242.5,179,-200,-150,1,1
trayectoria,4.75,0,240.5,177.5,-200,-150,1,1
trayectoria,4.76,0,238.5,176,-200,-150,1,1
trayectoria,4.77,0,236.5,174.5,-200,-150,1,1
trayectoria,4.78,0,234.5,173,-200,-150,1,1
trayectoria,4.79,0,232.5,171.5,-200,-150,1,1
trayectoria,4.8,0,230.5,170,-200,-150,1,1
trayectoria,4.81,0,228.5,168.5,-200,-150,1,1
trayectoria,4.82,0,226.5,167,-200,-150,1,1
trayectoria,4.83,0,224.5,165.5,-200,-150,1,1
trayectoria,4.84,0,222.5,164,-200,-150,1,1
trayectoria,4.85,0,220.5,162.5,-200,-150,1,1
trayectoria,4.86,0,218.5,161,-200,-150,1,1
trayectoria,4.87,0,216.5,159.5,-200,-150,1,1
trayectoria,4.88,0,214.5,158,-200,-150,1,1
trayectoria,4.89,0,212.5,156.5,-200,-150,1,1
trayectoria,4.9,0,210.5,155,-200,-150,1,1
trayectoria,4.91,0,208.5,153.5,-200,-150,1,1
trayectoria,4.92,0,206.5,152,-200,-150,1,1
trayectoria,4.93,0,204.5,150.5,-200,-150,1,1
trayectoria,4.94,0,202.5,149,-200,-150,1,1
trayectoria,4.95,0,200.5,147.5,-200,-150,1,1
trayectoria,4.96,0,198.5,146,-200,-150,1,1
trayectoria,4.97,0,196.5,144.5,-200,-150,1,1
trayectoria,4.98,0,194.5,143,-200,-150,1,1
trayectoria,4.99,0,192.5,141.5,-200,-150,1,1
trayectoria,5,0,190.5,140,-200,-150,1,1
trayectoria,5.01,0,188.5,138.5,-200,-150,1,1
trayectoria,5.02,0,186.5,137,-200,-150,1,1
trayectoria,5.03,0,184.5,135.5,-200,-150,1,1
trayectoria,5.04,0,182.5,134,-200,-150,1,1
trayectoria,5.05,0,180.5,132.5,-200,-150,1,1
trayectoria,5.06,0,178.5,131,-200,-150,1,1
trayectoria,5.07,0,176.5,129.5,-200,-150,1,1
trayectoria,5.08,0,174.5,128,-200,-150,1,1
trayectoria,5.09,0,172.5,126.5,-200,-150,1,1
trayectoria,5.1,0,170.5,125,-200,-150,1,1
trayectoria,5.11,0,168.5,123.5,-200,-150,1,1
trayectoria,5.12,0,166.5,122,-200,-150,1,1
trayectoria,5.13,0,164.5,120.5,-200,-150,1,1
trayectoria,5.14,0,162.5,119,-200,-150,1,1
trayectoria,5.15,0,160.5,117.5,-200,-150,1,1
trayectoria,5.16,0,158.5,116,-200,-150,1,1
trayectoria,5.17,0,156.5,114.5,-200,-150,1,1
trayectoria,5.18,0,154.5,113,-200,-150,1,1
trayectoria,5.19,0,152.5,111.5,-200,-150,1,1
trayectoria,5.2,0,150.5,110,-200,-150,1,1
trayectoria,5.21,0,148.5,108.5,-200,-150,1,1
trayectoria,5.22,0,146.5,107,-200,-150,1,1
trayectoria,5.23,0,144.5,105.5,-200,-150,1,1
trayectoria,5.24,0,142.5,104,-200,-150,1,1
trayectoria,5.25,0,140.5,102.5,-200,-150,1,1
trayectoria,5.26,0,138.5,101,-200,-150,1,1
trayectoria,5.27,0,136.5,99.5,-200,-150,1,1
trayectoria,5.28,0,134.5,98,-200,-150,1,1
trayectoria,5.29,0,132.5,96.5,-200,-150,1,1
trayectoria,5.3,0,130.5,95,-200,-150,1,1
trayectoria,5.31,0,128.5,93.5,-200,-150,1,1
trayectoria,5.32,0,126.5,92,-200,-150,1,1
trayectoria,5.33,0,124.5,90.5,-200,-150,1,1
trayectoria,5.34,0,122.5,89,-200,-150,1,1
trayectoria,5.35,0,120.5,87.5,-200,-150,1,1
trayectoria,5.36,0,118.5,86,-200,-150,1,1
trayectoria,5.37,0,116.5,84.5,-200,-150,1,1
trayectoria,5.38,0,114.5,83,-200,-150,1,1
trayectoria,5.39,0,112.5,81.5,-200,-150,1,1
trayectoria,5.4,0,110.5,80,-200,-150,1,1
trayectoria,5.41,0,108.5,78.5,-200,-150,1,1
trayectoria,5.42,0,106.5,77,-200,-150,1,1
trayectoria,5.43,0,104.5,75.5,-200,-150,1,1
trayectoria,5.44,0,102.5,74,-200,-150,1,1
trayectoria,5.45,0,100.5,72.5,-200,-150,1,1
trayectoria,5.46,0,98.5,71,-200,-150,1,1
trayectoria,5.47,0,96.5,69.5,-200,-150,1,1
trayectoria,5.48,0,94.5,68,-200,-150,1,1
trayectoria,5.49,0,92.5,66.5,-200,-150,1,1
trayectoria,5.5,0,90.5,65,-200,-150,1,1
trayectoria,5.51,0,88.5,63.5,-200,-150,1,1
trayectoria,5.52,0,86.5,62,-200,-150,1,1
trayectoria,5.53,0,84.5,60.5,-200,-150,1,1
trayectoria,5.54,0,82.5,59,-200,-150,1,1
trayectoria,5.55,0,80.5,57.5,-200,-150,1,1
trayectoria,5.56,0,78.5,56,-200,-150,1,1
trayectoria,5.57,0,76.5,54.5,-200,-150,1,1
trayectoria,5.58,0,74.5,53,-200,-150,1,1
trayectoria,5.59,0,72.5,51.5,-200,-150,1,1
trayectoria,5.6,0,70.5,50,-200,-150,1,1
trayectoria,5.61,0,68.5,48.5,-200,-150,1,1
trayectoria,5.62,0,66.5,47,-200,-150,1,1
trayectoria,5.63,0,64.5,45.5,-200,-150,1,1
trayectoria,5.64,0,62.5,44,-200,-150,1,1
trayectoria,5.65,0,60.5,42.5,-200,-150,1,1
trayectoria,5.66,0,58.5,41,-200,-150,1,1
trayectoria,5.67,0,56.5,39.5,-200,-150,1,1
trayectoria,5.68,0,54.5,38,-200,-150,1,1
trayectoria,5.69,0,52.5,36.5,-200,-150,1,1
trayectoria,5.7,0,50.5,35,-200,-150,1,1
trayectoria,5.71,0,48.5,33.5,-200,-150,1,1
trayectoria,5.72,0,46.5,32,-200,-150,1,1
trayectoria,5.73,0,44.5,30.5,-200,-150,1,1
trayectoria,5.74,0,42.5,29,-200,-150,1,1
trayectoria,5.75,0,40.5,27.5,-200,-150,1,1
trayectoria,5.76,0,38.5,26,-200,-150,1,1
trayectoria,5.77,0,36.5,24.5,-200,-150,1,1
trayectoria,5.78,0,34.5,23,-200,-150,1,1
trayectoria,5.79,0,32.5,21.5,-200,-150,1,1
trayectoria,5.8,0,30.5,20,-200,-150,1,1
trayectoria,5.81,0,28.5,18.5,-200,-150,1,1
trayectoria,5.82,0,26.5,17,-200,-150,1,1
trayectoria,5.83,0,24.5,15.5,-200,-150,1,1
trayectoria,5.84,0,22.5,14,-200,-150,1,1
trayectoria,5.85,0,20.5,12.5,-200,-150,1,1
trayectoria,5.86,0,18.5,11,-200,-150,1,1
trayectoria,5.87,0,16.5,9.5,-200,-150,1,1
trayectoria,5.88,0,14.5,8,-200,-150,1,1
trayectoria,5.89,0,12.5,6.5,-200,-150,1,1
trayectoria,5.9,0,10.5,5.5,-200,150,1,1
trayectoria,5.91,0,8.5,7,-200,150,1,1
trayectoria,5.92,0,6.5,8.5,-200,150,1,1
trayectoria,5.93,0,5.5,10,200,150,1,1
trayectoria,5.94,0,7.5,11.5,200,150,1,1
trayectoria,5.95,0,9.5,13,200,150,1,1
trayectoria,5.96,0,11.5,14.5,200,150,1,1
trayectoria,5.97,0,13.5,16,200,150,1,1
trayectoria,5.98,0,15.5,17.5,200,150,1,1
trayectoria,5.99,0,17.5,19,200,150,1,1
trayectoria,6,0,19.5,20.5,200,150,1,1
trayectoria,6.01,0,21.5,22,200,150,1,1
trayectoria,6.02,0,23.5,23.5,200,150,1,1
trayectoria,6.03,0,25.5,25,200,150,1,1
trayectoria,6.04,0,27.5,26.5,200,150,1,1
trayectoria,6.05,0,29.5,28,200,150,1,1
trayectoria,6.06,0,31.5,29.5,200,150,1,1
trayectoria,6.07,0,33.5,31,200,150,1,1
trayectoria,6.08,0,35.5,32.5,200,150,1,1
trayectoria,6.09,0,37.5,34,200,150,1,1
trayectoria,6.1,0,39.5,35.5,200,150,1,1
trayectoria,6.11,0,41.5,37,200,150,1,1
trayectoria,6.12,0,43.5,38.5,200,150,1,1
trayectoria,6.13,0,45.5,40,200,150,1,1
trayectoria,6.14,0,47.5,41.5,200,150,1,1
trayectoria,6.15,0,49.5,43,200,150,1,1
trayectoria,6.16,0,51.5,44.5,200,150,1,1
trayectoria,6.17,0,53.5,46,200,150,1,1
trayectoria,6.18,0,55.5,47.5,200,150,1,1
trayectoria,6.19,0,57.5,49,200,150,1,1
trayectoria,6.2,0,59.5,50.5,200,150,1,1
trayectoria,6.21,0,61.5,52,200,150,1,1
trayectoria,6.22,0,63.5,53.5,200,150,1,1
trayectoria,6.23,0,65.5,55,200,150,1,1
trayectoria,6.24,0,67.5,56.5,200,150,1,1
trayectoria,6.25,0,69.5,58,200,150,1,1
trayectoria,6.26,0,71.5,59.5,200,150,1,1
trayectoria,6.27,0,73.5,61,200,150,1,1
trayectoria,6.28,0,75.5,62.5,200,150,1,1
trayectoria,6.29,0,77.5,64,200,150,1,1
trayectoria,6.3,0,79.5,65.5,200,150,1,1
trayectoria,6.31,0,81.5,67,200,150,1,1
trayectoria,6.32,0,83.5,68.5,200,150,1,1
trayectoria,6.33,0,85.5,70,200,150,1,1
trayectoria,6.34,0,87.5,71.5,200,150,1,1
trayectoria,6.35,0,89.5,73,200,150,1,1
trayectoria,6.36,0,91.5,74.5,200,150,1,1
trayectoria,6.37,0,93.5,76,200,150,1,1
trayectoria,6.38,0,95.5,77.5,200,150,1,1
trayectoria,6.39,0,97.5,79,200,150,1,1
trayectoria,6.4,0,99.5,80.5,200,150,1,1
trayectoria,6.41,0,101.5,82,200,150,1,1
trayectoria,6.42,0,103.5,83.5,200,150,1,1
trayectoria,6.43,0,105.5,85,200,150,1,1
trayectoria,6.44,0,107.5,86.5,200,150,1,1
trayectoria,6.45,0,109.5,88,200,150,1,1
trayectoria,6.46,0,111.5,89.5,200,150,1,1
trayectoria,6.47,0,113.5,91,200,150,1,1
trayectoria,6.48,0,115.5,92.5,200,150,1,1
trayectoria,6.49,0,117.5,94,200,150,1,1
trayectoria,6.5,0,119.5,95.5,200,150,1,1
trayectoria,6.51,0,121.5,97,200,150,1,1
trayectoria,6.52,0,123.5,98.5,200,150,1,1
trayectoria,6.53,0,125.5,100,200,150,1,1
trayectoria,6.54,0,127.5,101.5,200,150,1,1
trayectoria,6.55,0,129.5,103,200,150,1,1
trayectoria,6.56,0,131.5,104.5,200,150,1,1
trayectoria,6.57,0,133.5,106,200,150,1,1
trayectoria,6.58,0,135.5,107.5,200,150,1,1
trayectoria,6.59,0,137.5,109,200,150,1,1
trayectoria,6.6,0,139.5,110.5,200,150,1,1
trayectoria,6.61,0,141.5,112,200,150,1,1
trayectoria,6.62,0,143.5,113.5,200,150,1,1
trayectoria,6.63,0,145.5,115,200,150,1,1
trayectoria,6.64,0,147.5,116.5,200,150,1,1
trayectoria,6.65,0,149.5,118,200,150,1,1
trayectoria,6.66,0,151.5,119.5,200,150,1,1
trayectoria,6.67,0,153.5,121,200,150,1,1
trayectoria,6.68,0,155.5,122.5,200,150,1,1
trayectoria,6.69,0,157.5,124,200,150,1,1
trayectoria,6.7,0,159.5,125.5,200,150,1,1
trayectoria,6.71,0,161.5,127,200,150,1,1
trayectoria,6.72,0,163.5,128.5,200,150,1,1
trayectoria,6.73,0,165.5,130,200,150,1,1
trayectoria,6.74,0,167.5,131.5,200,150,1,1
trayectoria,6.75,0,169.5,133,200,150,1,1
trayectoria,6.76,0,171.5,134.5,200,150,1,1
trayectoria,6.77,0,173.5,136,200,150,1,1
trayectoria,6.78,0,175.5,137.5,200,150,1,1
trayectoria,6.79,0,177.5,139,200,150,1,1
trayectoria,6.8,0,179.5,140.5,200,150,1,1
trayectoria,6.81,0,181.5,142,200,150,1,1
trayectoria,6.82,0,183.5,143.5,200,150,1,1
trayectoria,6.83,0,185.5,145,200,150,1,1
trayectoria,6.84,0,187.5,146.5,200,150,1,1
trayectoria,6.85,0,189.5,148,200,150,1,1
trayectoria,6.86,0,191.5,149.5,200,150,1,1
trayectoria,6.87,0,193.5,151,200,150,1,1
trayectoria,6.88,0,195.5,152.5,200,150,1,1
trayectoria,6.89,0,197.5,154,200,150,1,1
trayectoria,6.9,0,199.5,155.5,200,150,1,1
trayectoria,6.91,0,201.5,157,200,150,1,1
trayectoria,6.92,0,203.5,158.5,200,150,1,1
trayectoria,6.93,0,205.5,160,200,150,1,1
trayectoria,6.94,0,207.5,161.5,200,150,1,1
trayectoria,6.95,0,209.5,163,200,150,1,1
trayectoria,6.96,0,211.5,164.5,200,150,1,1
trayectoria,6.97,0,213.5,166,200,150,1,1
trayectoria,6.98,0,215.5,167.5,200,150,1,1
trayectoria,6.99,0,217.5,169,200,150,1,1
trayectoria,7,0,219.5,170.5,200,150,1,1
trayectoria,7.01,0,221.5,172,200,150,1,1
trayectoria,7.02,0,223.5,173.5,200,150,1,1
trayectoria,7.03,0,225.5,175,200,150,1,1
trayectoria,7.04,0,227.5,176.5,200,150,1,1
trayectoria,7.05,0,229.5,178,200,150,1,1
trayectoria,7.06,0,231.5,179.5,200,150,1,1
trayectoria,7.07,0,233.5,181,200,150,1,1
trayectoria,7.08,0,235.5,182.5,200,150,1,1
trayectoria,7.09,0,237.5,184,200,150,1,1
trayectoria,7.1,0,239.5,185.5,200,150,1,1
trayectoria,7.11,0,241.5,187,200,150,1,1
trayectoria,7.12,0,243.5,188.5,200,150,1,1
trayectoria,7.13,0,245.5,190,200,150,1,1
trayectoria,7.14,0,247.5,191.5,200,150,1,1
trayectoria,7.15,0,249.5,193,200,150,1,1
trayectoria,7.16,0,251.5,194.5,200,150,1,1
trayectoria,7.17,0,253.5,196,200,150,1,1
trayectoria,7.18,0,255.5,197.5,200,150,1,1
trayectoria,7.19,0,257.5,199,200,150,1,1
trayectoria,7.2,0,259.5,200.5,200,150,1,1
trayectoria,7.21,0,261.5,202,200,150,1,1
trayectoria,7.22,0,263.5,203.5,200,150,1,1
trayectoria,7.23,0,265.5,205,200,150,1,1
trayectoria,7.24,0,267.5,206.5,200,150,1,1
trayectoria,7.25,0,269.5,208,200,150,1,1
trayectoria,7.26,0,271.5,209.5,200,150,1,1
trayectoria,7.27,0,273.5,211,200,150,1,1
trayectoria,7.28,0,275.5,212.5,200,150,1,1
trayectoria,7.29,0,277.5,214,200,150,1,1
trayectoria,7.3,0,279.5,215.5,200,150,1,1
trayectoria,7.31,0,281.5,217,200,150,1,1
trayectoria,7.32,0,283.5,218.5,200,150,1,1
trayectoria,7.33,0,285.5,220,200,150,1,1
trayectoria,7.34,0,287.5,221.5,200,150,1,1
trayectoria,7.35,0,289.5,223,200,150,1,1
trayectoria,7.36,0,291.5,224.5,200,150,1,1
trayectoria,7.37,0,293.5,226,200,150,1,1
trayectoria,7.38,0,295.5,227.5,200,150,1,1
trayectoria,7.39,0,297.5,229,200,150,1,1
trayectoria,7.4,0,299.5,230.5,200,150,1,1
trayectoria,7.41,0,301.5,232,200,150,1,1
trayectoria,7.42,0,303.5,233.5,200,150,1,1
trayectoria,7.43,0,305.5,235,200,150,1,1
trayectoria,7.44,0,307.5,236.5,200,150,1,1
trayectoria,7.45,0,309.5,238,200,150,1,1
trayectoria,7.46,0,311.5,239.5,200,150,1,1
trayectoria,7.47,0,313.5,241,200,150,1,1
trayectoria,7.48,0,315.5,242.5,200,150,1,1
trayectoria,7.49,0,317.5,244,200,150,1,1
trayectoria,7.5,0,319.5,245.5,200,150,1,1
trayectoria,7.51,0,321.5,247,200,150,1,1
trayectoria,7.52,0,323.5,248.5,200,150,1,1
trayectoria,7.53,0,325.5,250,200,150,1,1
trayectoria,7.54,0,327.5,251.5,200,150,1,1
trayectoria,7.55,0,329.5,253,200,150,1,1
trayectoria,7.56,0,331.5,254.5,200,150,1,1
trayectoria,7.57,0,333.5,256,200,150,1,1
trayectoria,7.58,0,335.5,257.5,200,150,1,1
trayectoria,7.59,0,337.5,259,200,150,1,1
trayectoria,7.6,0,339.5,260.5,200,150,1,1
trayectoria,7.61,0,341.5,262,200,150,1,1
trayectoria,7.62,0,343.5,263.5,200,150,1,1
trayectoria,7.63,0,345.5,265,200,150,1,1
trayectoria,7.64,0,347.5,266.5,200,150,1,1
trayectoria,7.65,0,349.5,268,200,150,1,1
trayectoria,7.66,0,351.5,269.5,200,150,1,1
trayectoria,7.67,0,353.5,271,200,150,1,1
trayectoria,7.68,0,355.5,272.5,200,150,1,1
trayectoria,7.69,0,357.5,274,200,150,1,1
trayectoria,7.7,0,359.5,275.5,200,150,1,1
trayectoria,7.71,0,361.5,277,200,150,1,1
trayectoria,7.72,0,363.5,278.5,200,150,1,1
trayectoria,7.73,0,365.5,280,200,150,1,1
trayectoria,7.74,0,367.5,281.5,200,150,1,1
trayectoria,7.75,0,369.5,283,200,150,1,1
trayectoria,7.76,0,371.5,284.5,200,150,1,1
trayectoria,7.77,0,373.5,286,200,150,1,1
trayectoria,7.78,0,375.5,287.5,200,150,1,1
trayectoria,7.79,0,377.5,289,200,150,1,1
trayectoria,7.8,0,379.5,290.5,200,150,1,1
trayectoria,7.81,0,381.5,292,200,150,1,1
trayectoria,7.82,0,383.5,293.5,200,150,1,1
trayectoria,7.83,0,385.5,295,200,150,1,1
trayectoria,7.84,0,387.5,296.5,200,150,1,1
trayectoria,7.85,0,389.5,298,200,150,1,1
trayectoria,7.86,0,391.5,299.5,200,150,1,1
trayectoria,7.87,0,393.5,301,200,150,1,1
trayectoria,7.88,0,395.5,302.5,200,150,1,1
trayectoria,7.89,0,397.5,304,200,150,1,1
trayectoria,7.9,0,399.5,305.5,200,150,1,1
trayectoria,7.91,0,401.5,307,200,150,1,1
trayectoria,7.92,0,403.5,308.5,200,150,1,1
trayectoria,7.93,0,405.5,310,200,150,1,1
trayectoria,7.94,0,407.5,311.5,200,150,1,1
trayectoria,7.95,0,409.5,313,200,150,1,1
trayectoria,7.96,0,411.5,314.5,200,150,1,1
trayectoria,7.97,0,413.5,316,200,150,1,1
trayectoria,7.98,0,415.5,317.5,200,150,1,1
trayectoria,7.99,0,417.5,319,200,150,1,1
trayectoria,8,0,419.5,320.5,200,150,1,1
trayectoria,8.01,0,421.5,322,200,150,1,1
trayectoria,8.02,0,423.5,323.5,200,150,1,1
trayectoria,8.03,0,425.5,325,200,150,1,1
trayectoria,8.04,0,427.5,326.5,200,150,1,1
trayectoria,8.05,0,429.5,328,200,150,1,1
trayectoria,8.06,0,431.5,329.5,200,150,1,1
trayectoria,8.07,0,433.5,331,200,150,1,1
trayectoria,8.08,0,435.5,332.5,200,150,1,1
trayectoria,8.09,0,437.5,334,200,150,1,1
trayectoria,8.1,0,439.5,335.5,200,150,1,1
trayectoria,8.11,0,441.5,337,200,150,1,1
trayectoria,8.12,0,443.5,338.5,200,150,1,1
trayectoria,8.13,0,445.5,340,200,150,1,1
trayectoria,8.14,0,447.5,341.5,200,150,1,1
trayectoria,8.15,0,449.5,343,200,150,1,1
trayectoria,8.16,0,451.5,344.5,200,150,1,1
trayectoria,8.17,0,453.5,346,200,150,1,1
trayectoria,8.18,0,455.5,347.5,200,150,1,1
trayectoria,8.19,0,457.5,349,200,150,1,1
trayectoria,8.2,0,459.5,350.5,200,150,1,1
trayectoria,8.21,0,461.5,352,200,150,1,1
trayectoria,8.22,0,463.5,353.5,200,150,1,1
trayectoria,8.23,0,465.5,355,200,150,1,1
trayectoria,8.24,0,467.5,356.5,200,150,1,1
trayectoria,8.25,0,469.5,358,200,150,1,1
trayectoria,8.26,0,471.5,359.5,200,150,1,1
trayectoria,8.27,0,473.5,361,200,150,1,1
trayectoria,8.28,0,475.5,362.5,200,150,1,1
trayectoria,8.29,0,477.5,364,200,150,1,1
trayectoria,8.3,0,479.5,365.5,200,150,1,1
trayectoria,8.31,0,481.5,367,200,150,1,1
trayectoria,8.32,0,483.5,368.5,200,150,1,1
trayectoria,8.33,0,485.5,370,200,150,1,1
trayectoria,8.34,0,487.5,371.5,200,150,1,1
trayectoria,8.35,0,489.5,373,200,150,1,1
trayectoria,8.36,0,491.5,374.5,200,150,1,1
trayectoria,8.37,0,493.5,376,200,150,1,1
trayectoria,8.38,0,495.5,377.5,200,150,1,1
trayectoria,8.39,0,497.5,379,200,150,1,1
trayectoria,8.4,0,499.5,380.5,200,150,1,1
trayectoria,8.41,0,501.5,382,200,150,1,1
trayectoria,8.42,0,503.5,383.5,200,150,1,1
trayectoria,8.43,0,505.5,385,200,150,1,1
trayectoria,8.44,0,507.5,386.5,200,150,1,1
trayectoria,8.45,0,509.5,388,200,150,1,1
trayectoria,8.46,0,511.5,389.5,200,150,1,1
trayectoria,8.47,0,513.5,391,200,150,1,1
trayectoria,8.48,0,515.5,392.5,200,150,1,1
trayectoria,8.49,0,517.5,394,200,150,1,1
trayectoria,8.5,0,519.5,395.5,200,150,1,1
trayectoria,8.51,0,521.5,397,200,150,1,1
trayectoria,8.52,0,523.5,398.5,200,150,1,1
trayectoria,8.53,0,525.5,400,200,150,1,1
trayectoria,8.54,0,527.5,401.5,200,150,1,1
trayectoria,8.55,0,529.5,403,200,150,1,1
trayectoria,8.56,0,531.5,404.5,200,150,1,1
trayectoria,8.57,0,533.5,406,200,150,1,1
trayectoria,8.58,0,535.5,407.5,200,150,1,1
trayectoria,8.59,0,537.5,409,200,150,1,1
trayectoria,8.6,0,539.5,410.5,200,150,1,1
trayectoria,8.61,0,541.5,412,200,150,1,1
trayectoria,8.62,0,543.5,413.5,200,150,1,1
trayectoria,8.63,0,545.5,415,200,150,1,1
trayectoria,8.64,0,547.5,416.5,200,150,1,1
trayectoria,8.65,0,549.5,418,200,150,1,1
trayectoria,8.66,0,551.5,419.5,200,150,1,1
trayectoria,8.67,0,553.5,421,200,150,1,1
trayectoria,8.68,0,555.5,422.5,200,150,1,1
trayectoria,8.69,0,557.5,424,200,150,1,1
trayectoria,8.7,0,559.5,425.5,200,150,1,1
trayectoria,8.71,0,561.5,427,200,150,1,1
trayectoria,8.72,0,563.5,428.5,200,150,1,1
trayectoria,8.73,0,565.5,430,200,150,1,1
trayectoria,8.74,0,567.5,431.5,200,150,1,1
trayectoria,8.75,0,569.5,433,200,150,1,1
trayectoria,8.76,0,571.5,434.5,200,150,1,1
trayectoria,8.77,0,573.5,436,200,150,1,1
trayectoria,8.78,0,575.5,437.5,200,150,1,1
trayectoria,8.79,0,577.5,439,200,150,1,1
trayectoria,8.8,0,579.5,440.5,200,150,1,1
trayectoria,8.81,0,581.5,442,200,150,1,1
trayectoria,8.82,0,583.5,443.5,200,150,1,1
trayectoria,8.83,0,585.5,445,200,150,1,1
trayectoria,8.84,0,587.5,446.5,200,150,1,1
trayectoria,8.85,0,589.5,448,200,150,1,1
trayectoria,8.86,0,591.5,449.5,200,150,1,1
trayectoria,8.87,0,593.5,451,200,150,1,1
trayectoria,8.88,0,595.5,452.5,200,150,1,1
trayectoria,8.89,0,597.5,454,200,150,1,1
trayectoria,8.9,0,599.5,455.5,200,150,1,1
trayectoria,8.91,0,601.5,457,200,150,1,1
trayectoria,8.92,0,603.5,458.5,200,150,1,1
trayectoria,8.93,0,605.5,460,200,150,1,1
trayectoria,8.94,0,607.5,461.5,200,150,1,1
trayectoria,8.95,0,609.5,463,200,150,1,1
trayectoria,8.96,0,611.5,464.5,200,150,1,1
trayectoria,8.97,0,613.5,466,200,150,1,1
trayectoria,8.98,0,615.5,467.5,200,150,1,1
trayectoria,8.99,0,617.5,469,200,150,1,1
trayectoria,9,0,619.5,470.5,200,150,1,1
trayectoria,9.01,0,621.5,472,200,150,1,1
trayectoria,9.02,0,623.5,473.5,200,150,1,1
trayectoria,9.03,0,625.5,475,200,150,1,1
trayectoria,9.04,0,627.5,476.5,200,150,1,1
trayectoria,9.05,0,629.5,478,200,150,1,1
trayectoria,9.06,0,631.5,479.5,200,150,1,1
trayectoria,9.07,0,633.5,481,200,150,1,1
trayectoria,9.08,0,635.5,482.5,200,150,1,1
trayectoria,9.09,0,637.5,484,200,150,1,1
trayectoria,9.1,0,639.5,485.5,200,150,1,1
trayectoria,9.11,0,641.5,487,200,150,1,1
trayectoria,9.12,0,643.5,488.5,200,150,1,1
trayectoria,9.13,0,645.5,490,200,150,1,1
trayectoria,9.14,0,647.5,491.5,200,150,1,1
trayectoria,9.15,0,649.5,493,200,150,1,1
trayectoria,9.16,0,651.5,494.5,200,150,1,1
trayectoria,9.17,0,653.5,496,200,150,1,1
trayectoria,9.18,0,655.5,497.5,200,150,1,1
trayectoria,9.19,0,657.5,499,200,150,1,1
trayectoria,9.2,0,659.5,500.5,200,150,1,1
trayectoria,9.21,0,661.5,502,200,150,1,1
trayectoria,9.22,0,663.5,503.5,200,150,1,1
trayectoria,9.23,0,665.5,505,200,150,1,1
trayectoria,9.24,0,667.5,506.5,200,150,1,1
trayectoria,9.25,0,669.5,508,200,150,1,1
trayectoria,9.26,0,671.5,509.5,200,150,1,1
trayectoria,9.27,0,673.5,511,200,150,1,1
trayectoria,9.28,0,675.5,512.5,200,150,1,1
trayectoria,9.29,0,677.5,514,200,150,1,1
trayectoria,9.3,0,679.5,515.5,200,150,1,1
trayectoria,9.31,0,681.5,517,200,150,1,1
trayectoria,9.32,0,683.5,518.5,200,150,1,1
trayectoria,9.33,0,685.5,520,200,150,1,1
trayectoria,9.34,0,687.5,521.5,200,150,1,1
trayectoria,9.35,0,689.5,523,200,150,1,1
trayectoria,9.36,0,691.5,524.5,200,150,1,1
trayectoria,9.37,0,693.5,526,200,150,1,1
trayectoria,9.38,0,695.5,527.5,200,150,1,1
trayectoria,9.39,0,697.5,529,200,150,1,1
trayectoria,9.4,0,699.5,530.5,200,150,1,1
trayectoria,9.41,0,701.5,532,200,150,1,1
trayectoria,9.42,0,703.5,533.5,200,150,1,1
trayectoria,9.43,0,705.5,535,200,150,1,1
trayectoria,9.44,0,707.5,536.5,200,150,1,1
trayectoria,9.45,0,709.5,538,200,150,1,1
trayectoria,9.46,0,711.5,539.5,200,150,1,1
trayectoria,9.47,0,713.5,541,200,150,1,1
trayectoria,9.48,0,715.5,542.5,200,150,1,1
trayectoria,9.49,0,717.5,544,200,150,1,1
trayectoria,9.5,0,719.5,545.5,200,150,1,1
trayectoria,9.51,0,721.5,547,200,150,1,1
trayectoria,9.52,0,723.5,548.5,200,150,1,1
trayectoria,9.53,0,725.5,550,200,150,1,1
trayectoria,9.54,0,727.5,551.5,200,150,1,1
trayectoria,9.55,0,729.5,553,200,150,1,1
trayectoria,9.56,0,731.5,554.5,200,150,1,1
trayectoria,9.57,0,733.5,556,200,150,1,1
trayectoria,9.58,0,735.5,557.5,200,150,1,1
trayectoria,9.59,0,737.5,559,200,150,1,1
trayectoria,9.6,0,739.5,560.5,200,150,1,1
trayectoria,9.61,0,741.5,562,200,150,1,1
trayectoria,9.62,0,743.5,563.5,200,150,1,1
trayectoria,9.63,0,745.5,565,200,150,1,1
trayectoria,9.64,0,747.5,566.5,200,150,1,1
trayectoria,9.65,0,749.5,568,200,150,1,1
trayectoria,9.66,0,751.5,569.5,200,150,1,1
trayectoria,9.67,0,753.5,571,200,150,1,1
trayectoria,9.68,0,755.5,572.5,200,150,1,1
trayectoria,9.69,0,757.5,574,200,150,1,1
trayectoria,9.7,0,759.5,575.5,200,150,1,1
trayectoria,9.71,0,761.5,577,200,150,1,1
trayectoria,9.72,0,763.5,578.5,200,150,1,1
trayectoria,9.73,0,765.5,580,200,150,1,1
trayectoria,9.74,0,767.5,581.5,200,150,1,1
trayectoria,9.75,0,769.5,583,200,150,1,1
trayectoria,9.76,0,771.5,584.5,200,150,1,1
trayectoria,9.77,0,773.5,586,200,150,1,1
trayectoria,9.78,0,775.5,587.5,200,150,1,1
trayectoria,9.79,0,777.5,589,200,150,1,1
trayectoria,9.8,0,779.5,590.5,200,150,1,1
trayectoria,9.81,0,781.5,592,200,150,1,1
trayectoria,9.82,0,783.5,593.5,200,150,1,1
trayectoria,9.83,0,785.5,594.5,200,-150,1,1
trayectoria,9.84,0,787.5,593,200,-150,1,1
trayectoria,9.85,0,789.5,591.5,200,-150,1,1
trayectoria,9.86,0,791.5,590,200,-150,1,1
trayectoria,9.87,0,793.5,588.5,200,-150,1,1
trayectoria,9.88,0,794.5,587,-200,-150,1,1
trayectoria,9.89,0,792.5,585.5,-200,-150,1,1
trayectoria,9.9,0,790.5,584,-200,-150,1,1
trayectoria,9.91,0,788.5,582.5,-200,-150,1,1
trayectoria,9.92,0,786.5,581,-200,-150,1,1
trayectoria,9.93,0,784.5,579.5,-200,-150,1,1
trayectoria,9.94,0,782.5,578,-200,-150,1,1
trayectoria,9.95,0,780.5,576.5,-200,-150,1,1
trayectoria,9.96,0,778.5,575,-200,-150,1,1
trayectoria,9.97,0,776.5,573.5,-200,-150,1,1
trayectoria,9.98,0,774.5,572,-200,-150,1,1
trayectoria,9.99,0,772.5,570.5,-200,-150,1,1
trayectoria,10,0,770.5,569,-200,-150,1,1
trayectoria,10.01,0,768.5,567.5,-200,-150,1,1
trayectoria,10.02,0,766.5,566,-200,-150,1,1
trayectoria,10.03,0,764.5,564.5,-200,-150,1,1
trayectoria,10.04,0,762.5,563,-200,-150,1,1
trayectoria,10.05,0,760.5,561.5,-200,-150,1,1
trayectoria,10.06,0,758.5,560,-200,-150,1,1
trayectoria,10.07,0,756.5,558.5,-200,-150,1,1
trayectoria,10.08,0,754.5,557,-200,-150,1,1
trayectoria,10.09,0,752.5,555.5,-200,-150,1,1
trayectoria,10.1,0,750.5,554,-200,-150,1,1
trayectoria,10.11,0,748.5,552.5,-200,-150,1,1
trayectoria,10.12,0,746.5,551,-200,-150,1,1
trayectoria,10.13,0,744.5,549.5,-200,-150,1,1
trayectoria,10.14,0,742.5,548,-200,-150,1,1
trayectoria,10.15,0,740.5,546.5,-200,-150,1,1
trayectoria,10.16,0,738.5,545,-200,-150,1,1
trayectoria,10.17,0,736.5,543.5,-200,-150,1,1
trayectoria,10.18,0,734.5,542,-200,-150,1,1
trayectoria,10.19,0,732.5,540.5,-200,-150,1,1
trayectoria,10.2,0,730.5,539,-200,-150,1,1
trayectoria,10.21,0,728.5,537.5,-200,-150,1,1
trayectoria,10.22,0,726.5,536,-200,-150,1,1
trayectoria,10.23,0,724.5,534.5,-200,-150,1,1
trayectoria,10.24,0,722.5,533,-200,-150,1,1
trayectoria,10.25,0,720.5,531.5,-200,-150,1,1
trayectoria,10.26,0,718.5,530,-200,-150,1,1
trayectoria,10.27,0,716.5,528.5,-200,-150,1,1
trayectoria,10.28,0,714.5,527,-200,-150,1,1
trayectoria,10.29,0,712.5,525.5,-200,-150,1,1
trayectoria,10.3,0,710.5,524,-200,-150,1,1
trayectoria,10.31,0,708.5,522.5,-200,-150,1,1
trayectoria,10.32,0,706.5,521,-200,-150,1,1
trayectoria,10.33,0,704.5,519.5,-200,-150,1,1
trayectoria,10.34,0,702.5,518,-200,-150,1,1
trayectoria,10.35,0,700.5,516.5,-200,-150,1,1
trayectoria,10.36,0,698.5,515,-200,-150,1,1
trayectoria,10.37,0,696.5,513.5,-200,-150,1,1
trayectoria,10.38,0,694.5,512,-200,-150,1,1
trayectoria,10.39,0,692.5,510.5,-200,-150,1,1
trayectoria,10.4,0,690.5,509,-200,-150,1,1
trayectoria,10.41,0,688.5,507.5,-200,-150,1,1
trayectoria,10.42,0,686.5,506,-200,-150,1,1
trayectoria,10.43,0,684.5,504.5,-200,-150,1,1
trayectoria,10.44,0,682.5,503,-200,-150,1,1
trayectoria,10.45,0,680.5,501.5,-200,-150,1,1
trayectoria,10.46,0,678.5,500,-200,-150,1,1
trayectoria,10.47,0,676.5,498.5,-200,-150,1,1
trayectoria,10.48,0,674.5,497,-200,-150,1,1
trayectoria,10.49,0,672.5,495.5,-200,-150,1,1
trayectoria,10.5,0,670.5,494,-200,-150,1,1
trayectoria,10.51,0,668.5,492.5,-200,-150,1,1
trayectoria,10.52,0,666.5,491,-200,-150,1,1
trayectoria,10.53,0,664.5,489.5,-200,-150,1,1
trayectoria,10.54,0,662.5,488,-200,-150,1,1
trayectoria,10.55,0,660.5,486.5,-200,-150,1,1
trayectoria,10.56,0,658.5,485,-200,-150,1,1
trayectoria,10.57,0,656.5,483.5,-200,-150,1,1
trayectoria,10.58,0,654.5,482,-200,-150,1,1
trayectoria,10.59,0,652.5,480.5,-200,-150,1,1
trayectoria,10.6,0,650.5,479,-200,-150,1,1
trayectoria,10.61,0,648.5,477.5,-200,-150,1,1
trayectoria,10.62,0,646.5,476,-200,-150,1,1
trayectoria,10.63,0,644.5,474.5,-200,-150,1,1
trayectoria,10.64,0,642.5,473,-200,-150,1,1
trayectoria,10.65,0,640.5,471.5,-200,-150,1,1
trayectoria,10.66,0,638.5,470,-200,-150,1,1
trayectoria,10.67,0,636.5,468.5,-200,-150,1,1
trayectoria,10.68,0,634.5,467,-200,-150,1,1
trayectoria,10.69,0,632.5,465.5,-200,-150,1,1
trayectoria,10.7,0,630.5,464,-200,-150,1,1
trayectoria,10.71,0,628.5,462.5,-200,-150,1,1
trayectoria,10.72,0,626.5,461,-200,-150,1,1
trayectoria,10.73,0,624.5,459.5,-200,-150,1,1
trayectoria,10.74,0,622.5,458,-200,-150,1,1
trayectoria,10.75,0,620.5,456.5,-200,-150,1,1
trayectoria,10.76,0,618.5,455,-200,-150,1,1
trayectoria,10.77,0,616.5,453.5,-200,-150,1,1
trayectoria,10.78,0,614.5,452,-200,-150,1,1
trayectoria,10.79,0,612.5,450.5,-200,-150,1,1
trayectoria,10.8,0,610.5,449,-200,-150,1,1
trayectoria,10.81,0,608.5,447.5,-200,-150,1,1
trayectoria,10.82,0,606.5,446,-200,-150,1,1
trayectoria,10.83,0,604.5,444.5,-200,-150,1,1
trayectoria,10.84,0,602.5,443,-200,-150,1,1
trayectoria,10.85,0,600.5,441.5,-200,-150,1,1
trayectoria,10.86,0,598.5,440,-200,-150,1,1
trayectoria,10.87,0,596.5,438.5,-200,-150,1,1
trayectoria,10.88,0,594.5,437,-200,-150,1,1
trayectoria,10.89,0,592.5,435.5,-200,-150,1,1
trayectoria,10.9,0,590.5,434,-200,-150,1,1
trayectoria,10.91,0,588.5,432.5,-200,-150,1,1
trayectoria,10.92,0,586.5,431,-200,-150,1,1
trayectoria,10.93,0,584.5,429.5,-200,-150,1,1
trayectoria,10.94,0,582.5,428,-200,-150,1,1
trayectoria,10.95,0,580.5,426.5,-200,-150,1,1
trayectoria,10.96,0,578.5,425,-200,-150,1,1
trayectoria,10.97,0,576.5,423.5,-200,-150,1,1
trayectoria,10.98,0,574.5,422,-200,-150,1,1
trayectoria,10.99,0,572.5,420.5,-200,-150,1,1
trayectoria,11,0,570.5,419,-200,-150,1,1
trayectoria,11.01,0,568.5,417.5,-200,-150,1,1
trayectoria,11.02,0,566.5,416,-200,-150,1,1
trayectoria,11.03,0,564.5,414.5,-200,-150,1,1
trayectoria,11.04,0,562.5,413,-200,-150,1,1
trayectoria,11.05,0,560.5,411.5,-200,-150,1,1
trayectoria,11.06,0,558.5,410,-200,-150,1,1
trayectoria,11.07,0,556.5,408.5,-200,-150,1,1
trayectoria,11.08,0,554.5,407,-200,-150,1,1
trayectoria,11.09,0,552.5,405.5,-200,-150,1,1
#
# PARTICULAS
particula,0,550.5,404,1,5,1
#
# COLISIONES
colision,1.96,pared_inferior,0,-1
colision,1.97,pared_derecha,0,-1
colision,5.89,pared_superior,0,-1
colision,5.92,pared_izquierda,0,-1
colision,9.82,pared_inferior,0,-1
colision,9.87,pared_derecha,0,-1
